0.0000001125351747192591
0.0000001129756249397819
0.0000001134177990337269
0.0000001138617037481438
0.0000001143073458564898
0.0000001147547321587323
0.0000001152038694814533
0.0000001156547646779531
0.0000001161074246283553
0.0000001165618562397112
0.0000001170180664461058
0.0000001174760622087633
0.0000001179358505161532
0.0000001183974383840973
0.0000001188608328558765
0.0000001193260410023382
0.0000001197930699220045
0.0000001202619267411802
0.0000001207326186140616
0.000000121205152722846
0.0000001216795362778407
0.0000001221557765175736
0.0000001226338807089033
0.0000001231138561471301
0.0000001235957101561072
0.0000001240794500883527
0.0000001245650833251615
0.0000001250526172767182
0.00000012554205938221
0.0000001260334171099403
0.0000001265266979574424
0.0000001270219094515943
0.0000001275190591487335
0.0000001280181546347718
0.0000001285192035253118
0.0000001290222134657624
0.0000001295271921314561
0.0000001300341472277655
0.0000001305430864902214
0.0000001310540176846304
0.0000001315669486071939
0.0000001320818870846265
0.0000001325988409742759
0.0000001331178181642424
0.0000001336388265734995
0.0000001341618741520148
0.000000134686968880871
0.0000001352141187723883
0.0000001357433318702456
0.0000001362746162496043
0.000000136807980017231
0.0000001373434313116213
0.000000137880978303124
0.0000001384206291940655
0.0000001389623922188755
0.0000001395062756442122
0.0000001400522877690887
0.0000001406004369249993
0.0000001411507314760471
0.0000001417031798190711
0.000000142257790383775
0.0000001428145716328549
0.0000001433735320621294
0.0000001439346802006686
0.0000001444980246109245
0.0000001450635738888615
0.0000001456313366640877
0.0000001462013215999866
0.0000001467735373938491
0.0000001473479927770064
0.0000001479246965149632
0.0000001485036574075315
0.0000001490848842889644
0.0000001496683860280918
0.0000001502541715284548
0.0000001508422497284423
0.0000001514326296014268
0.0000001520253201559017
0.0000001526203304356188
0.0000001532176695197259
0.0000001538173465229056
0.0000001544193705955145
0.0000001550237509237226
0.0000001556304967296536
0.0000001562396172715256
0.0000001568511218437921
0.0000001574650197772844
0.0000001580813204393534
0.0000001587000332340129
0.0000001593211676020829
0.0000001599447330213337
0.0000001605707390066308
0.0000001611991951100794
0.000000161830110921171
0.000000162463496066929
0.000000163099360212056
0.0000001637377130590813
0.0000001643785643485086
0.0000001650219238589651
0.0000001656678014073503
0.000000166316206848986
0.0000001669671500777667
0.0000001676206410263104
0.0000001682766896661102
0.0000001689353060076868
0.0000001695965001007408
0.0000001702602820343062
0.0000001709266619369043
0.0000001715956499766985
0.0000001722672563616491
0.0000001729414913396693
0.0000001736183651987816
0.0000001742978882672745
0.0000001749800709138602
0.0000001756649235478333
0.0000001763524566192288
0.0000001770426806189822
0.0000001777356060790893
0.000000178431243572767
0.0000001791296037146145
0.0000001798306971607756
0.0000001805345346091008
0.0000001812411267993109
0.0000001819504845131608
0.000000182662618574604
0.0000001833775398499578
0.000000184095259248069
0.0000001848157877204803
0.0000001855391362615978
0.0000001862653159088583
0.0000001869943377428979
0.0000001877262128877212
0.0000001884609525108708
0.000000189198567823598
0.0000001899390700810334
0.0000001906824705823592
0.0000001914287806709813
0.0000001921780117347023
0.0000001929301752058956
0.0000001936852825616795
0.0000001944433453240925
0.0000001952043750602691
0.0000001959683833826163
0.0000001967353819489907
0.0000001975053824628766
0.0000001982783966735643
0.0000001990544363763296
0.0000001998335134126137
0.0000002006156396702039
0.0000002014008270834149
0.000000202189087633271
0.0000002029804333476891
0.0000002037748763016618
0.000000204572428617442
0.0000002053731024647276
0.0000002061769100608477
0.0000002069838636709483
0.00000020779397560818
0.0000002086072582338857
0.0000002094237239577892
0.0000002102433852381847
0.0000002110662545821265
0.0000002118923445456205
0.000000212721667733815
0.0000002135542368011939
0.0000002143900644517691
0.0000002152291634392745
0.0000002160715465673609
0.0000002169172266897912
0.0000002177662167106363
0.0000002186185295844723
0.0000002194741783165782
0.0000002203331759631341
0.0000002211955356314204
0.0000002220612704800184
0.00000022293039371901
0.0000002238029186101805
0.0000002246788584672199
0.0000002255582266559269
0.0000002264410365944121
0.0000002273273017533033
0.0000002282170356559509
0.000000229110251878634
0.000000230006964050768
0.0000002309071858551119
0.0000002318109310279781
0.0000002327182133594409
0.0000002336290466935477
0.0000002345434449285299
0.000000235461422017015
0.0000002363829919662396
0.0000002373081688382629
0.0000002382369667501818
0.0000002391693998743456
0.0000002401054824385728
0.0000002410452287263679
0.0000002419886530771396
0.0000002429357698864193
0.000000243886593606081
0.0000002448411387445618
0.000000245799419867083
0.0000002467614515958728
0.000000247727248610389
0.0000002486968256475434
0.0000002496701975019262
0.0000002506473790260321
0.0000002516283851304869
0.0000002526132307842747
0.0000002536019310149668
0.0000002545945009089507
0.0000002555909556116601
0.0000002565913103278067
0.0000002575955803216113
0.0000002586037809170375
0.0000002596159274980251
0.0000002606320355087248
0.0000002616521204537342
0.0000002626761978983342
0.0000002637042834687261
0.000000264736392852271
0.000000265772541797728
0.0000002668127461154957
0.0000002678570216778524
0.0000002689053844191989
0.0000002699578503363015
0.0000002710144354885359
0.0000002720751559981328
0.0000002731400280504231
0.0000002742090678940856
0.0000002752822918413945
0.0000002763597162684685
0.0000002774413576155203
0.0000002785272323871084
0.0000002796173571523878
0.0000002807117485453635
0.000000281810423265144
0.0000002829133980761967
0.0000002840206898086028
0.0000002851323153583148
0.0000002862482916874141
0.0000002873686358243697
0.0000002884933648642982
0.0000002896224959692246
0.0000002907560463683441
0.0000002918940333582853
0.0000002930364743033735
0.0000002941833866358965
0.0000002953347878563697
0.0000002964906955338039
0.0000002976511273059729
0.0000002988161008796829
0.0000002999856340310425
0.000000301159744605734
0.0000003023384505192858
0.0000003035217697573458
0.0000003047097203759555
0.0000003059023205018258
0.0000003070995883326137
0.0000003083015421371996
0.0000003095082002559665
0.0000003107195811010795
0.0000003119357031567668
0.0000003131565849796021
0.0000003143822451987871
0.0000003156127025164364
0.0000003168479757078625
0.0000003180880836218625
0.0000003193330451810055
0.0000003205828793819215
0.0000003218376052955912
0.0000003230972420676369
0.0000003243618089186149
0.0000003256313251443087
0.000000326905810116023
0.00000032818528328088
0.0000003294697641621155
0.0000003307592723593775
0.0000003320538275490245
0.0000003333534494844262
0.0000003346581579962646
0.0000003359679729928372
0.0000003372829144603602
0.0000003386030024632734
0.0000003399282571445468
0.0000003412586987259879
0.0000003425943475085499
0.0000003439352238726418
0.0000003452813482784391
0.0000003466327412661964
0.0000003479894234565603
0.0000003493514155508847
0.0000003507187383315459
0.0000003520914126622605
0.0000003534694594884031
0.0000003548528998373262
0.0000003562417548186812
0.0000003576360456247403
0.0000003590357935307197
0.0000003604410198951048
0.0000003618517461599754
0.0000003632679938513334
0.000000364689784579431
0.0000003661171400391007
0.0000003675500820100861
0.0000003689886323573741
0.0000003704328130315291
0.0000003718826460690273
0.0000003733381535925934
0.0000003747993578115378
0.0000003762662810220958
0.0000003777389456077679
0.0000003792173740396608
0.0000003807015888768308
0.0000003821916127666278
0.000000383687468445041
0.0000003851891787370456
0.0000003866967665569514
0.0000003882102549087521
0.0000003897296668864767
0.0000003912550256745414
0.0000003927863545481039
0.0000003943236768734181
0.000000395867016108191
0.0000003974163958019403
0.0000003989718395963541
0.0000004005333712256512
0.0000004021010145169436
0.0000004036747933906002
0.0000004052547318606114
0.0000004068408540349556
0.0000004084331841159671
0.000000410031746400706
0.0000004116365652813278
0.0000004132476652454564
0.0000004148650708765576
0.0000004164888068543142
0.0000004181188979550023
0.0000004197553690518701
0.0000004213982451155163
0.0000004230475512142724
0.0000004247033125145839
0.0000004263655542813957
0.0000004280343018785363
0.0000004297095807691057
0.0000004313914165158637
0.0000004330798347816198
0.0000004347748613296249
0.0000004364765220239645
0.0000004381848428299531
0.0000004398998498145308
0.0000004416215691466606
0.000000443350027097728
0.0000004450852500419419
0.0000004468272644567369
0.0000004485760969231771
0.0000004503317741263622
0.0000004520943228558346
0.0000004538637700059875
0.0000004556401425764762
0.0000004574234676726294
0.0000004592137725058633
0.0000004610110843940964
0.0000004628154307621664
0.0000004646268391422493
0.0000004664453371742782
0.0000004682709526063665
0.0000004701037132952305
0.0000004719436472066143
0.0000004737907824157171
0.0000004756451471076214
0.0000004775067695777226
0.0000004793756782321617
0.0000004812519015882577
0.0000004831354682749435
0.0000004850264070332023
0.0000004869247467165066
0.0000004888305162912579
0.0000004907437448372293
0.0000004926644615480084
0.0000004945926957314439
0.0000004965284768100918
0.0000004984718343216648
0.0000005004227979194829
0.0000005023813973729261
0.000000504347662567888
0.0000005063216235072331
0.0000005083033103112529
0.0000005102927532181268
0.0000005122899825843833
0.0000005142950288853625
0.0000005163079227156821
0.0000005183286947897034
0.0000005203573759420005
0.0000005223939971278304
0.0000005244385894236057
0.0000005264911840273689
0.0000005285518122592676
0.0000005306205055620335
0.0000005326972955014612
0.000000534782213766891
0.0000005368752921716912
0.0000005389765626537442
0.0000005410860572759339
0.0000005432038082266347
0.0000005453298478202027
0.0000005474642084974689
0.0000005496069228262341
0.0000005517580235017656
0.000000553917543347297
0.0000005560855153145276
0.0000005582619724841267
0.0000005604469480662371
0.0000005626404754009831
0.0000005648425879589778
0.0000005670533193418351
0.0000005692727032826817
0.0000005715007736466721
0.0000005737375644315052
0.0000005759831097679432
0.0000005782374439203322
0.0000005805006012871253
0.0000005827726164014074
0.0000005850535239314218
0.0000005873433586810996
0.0000005896421555905908
0.0000005919499497367971
0.0000005942667763339073
0.0000005965926707339348
0.0000005989276684272566
0.0000006012718050431554
0.0000006036251163503629
0.0000006059876382576054
0.0000006083594068141523
0.0000006107404582103657
0.0000006131308287782527
0.0000006155305549920201
0.0000006179396734686306
0.0000006203582209683614
0.0000006227862343953657
0.0000006252237507982353
0.0000006276708073705662
0.000000630127441451526
0.0000006325936905264233
0.0000006350695922272806
0.0000006375551843334077
0.0000006400505047719785
0.0000006425555916186095
0.0000006450704830979412
0.0000006475952175842209
0.0000006501298336018887
0.0000006526743698261648
0.0000006552288650836401
0.0000006577933583528685
0.0000006603678887649617
0.000000662952495604186
0.0000006655472183085621
0.000000668152096470467
0.0000006707671698372372
0.0000006733924783117767
0.0000006760280619531647
0.000000678673960977267
0.00000068133021575735
0.0000006839968668246967
0.0000006866739548692251
0.0000006893615207401087
0.0000006920596054464005
0.0000006947682501576582
0.0000006974874962045727
0.0000007002173850795984
0.0000007029579584375871
0.0000007057092580964226
0.0000007084713260376593
0.0000007112442044071631
0.0000007140279355157538
0.0000007168225618398512
0.0000007196281260221233
0.0000007224446708721363
0.0000007252722393670087
0.0000007281108746520667
0.0000007309606200415024
0.0000007338215190190347
0.0000007366936152385734
0.0000007395769525248844
0.0000007424715748742591
0.0000007453775264551855
0.0000007482948516090224
0.0000007512235948506753
0.0000007541638008692766
0.0000007571155145288665
0.0000007600787808690785
0.0000007630536451058262
0.0000007660401526319932
0.0000007690383490181257
0.0000007720482800131282
0.0000007750699915449612
0.0000007781035297213422
0.0000007811489408304491
0.0000007842062713416268
0.0000007872755679060962
0.0000007903568773576654
0.0000007934502467134452
0.0000007965557231745662
0.0000007996733541268989
0.0000008028031871417768
0.0000008059452699767225
0.000000809099650576176
0.0000008122663770722269
0.000000815445497785348
0.0000008186370612251337
0.0000008218411160910389
0.0000008250577112731233
0.0000008282868958527966
0.0000008315287191035679
0.0000008347832304917972
0.0000008380504796774503
0.000000841330516514857
0.0000008446233910534709
0.0000008479291535386341
0.000000851247854412343
0.0000008545795443140188
0.0000008579242740812793
0.0000008612820947507156
0.0000008646530575586701
0.0000008680372139420186
0.0000008714346155389552
0.0000008748453141897802
0.0000008782693619376908
0.0000008817068110295762
0.0000008851577139168133
0.0000008886221232560684
0.0000008921000919101001
0.0000008955916729485659
0.0000008990969196488322
0.0000009026158854967868
0.0000009061486241876559
0.0000009096951896268222
0.0000009132556359306488
0.0000009168300174273036
0.0000009204183886575893
0.0000009240208043757753
0.000000927637319550433
0.0000009312679893652747
0.0000009349128692199959
0.00000093857201473112
0.0000009422454817328475
0.0000009459333262779079
0.0000009496356046384146
0.0000009533523733067242
0.0000009570836889962978
0.0000009608296086425666
0.0000009645901894038015
0.0000009683654886619836
0.0000009721555640236815
0.0000009759604733209291
0.0000009797802746121085
0.0000009836150261828362
0.0000009874647865468517
0.0000009913296144469111
0.0000009952095688556831
0.0000009991047089766487
0.0000010030150942450052
0.0000010069407843285725
0.0000010108818391287035
0.0000010148383187811985
0.0000010188102836572228
0.0000010227977943642276
0.0000010268009117468752
0.000001030819696887967
0.0000010348542111093753
0.0000010389045159729805
0.0000010429706732816082
0.0000010470527450799744
0.0000010511507936556303
0.0000010552648815399147
0.0000010593950715089065
0.000001063541426584383
0.0000010677040100347827
0.0000010718828853761687
0.0000010760781163731997
0.000001080289767040102
0.0000010845179016416463
0.0000010887625846941285
0.0000010930238809663547
0.0000010973018554806282
0.0000011015965735137428
0.0000011059081005979784
0.0000011102365025221012
0.0000011145818453323666
0.0000011189441953335289
0.0000011233236190898506
0.0000011277201834261203
0.0000011321339554286713
0.0000011365650024464047
0.0000011410133920918188
0.0000011454791922420386
0.0000011499624710398539
0.0000011544632968947564
0.0000011589817384839864
0.0000011635178647535785
0.0000011680717449194145
0.0000011726434484682797
0.0000011772330451589227
0.0000011818406050231207
0.000001186466198366747
0.0000011911098957708444
0.0000011957717680927022
0.0000012004518864669372
0.0000012051503223065793
0.0000012098671473041613
0.0000012146024334328118
0.0000012193562529473558
0.0000012241286783854139
0.000001228919782568512
0.0000012337296386031913
0.0000012385583198821238
0.0000012434059000852319
0.0000012482724531808141
0.0000012531580534266714
0.0000012580627753712425
0.00000126298669385474
0.0000012679298840102929
0.000001272892421265093
0.000001277874381341546
0.000001282875840258426
0.0000012878968743320372
0.0000012929375601773766
0.0000012979979747093039
0.0000013030781951437153
0.0000013081782989987216
0.0000013132983640958303
0.0000013184384685611343
0.000001323598690826503
0.0000013287791096307797
0.0000013339798040209826
0.0000013392008533535112
0.0000013444423372953576
0.000001349704335825321
0.0000013549869292352292
0.0000013602901981311632
0.0000013656142234346875
0.0000013709590863840842
0.0000013763248685355936
0.0000013817116517646578
0.0000013871195182671702
0.0000013925485505607298
0.000001397998831485901
0.0000014034704442074758
0.0000014089634722157455
0.0000014144779993277718
0.000001420014109688668
0.0000014255718877728817
0.000001431151418385484
0.000001436752786663464
0.0000014423760780770273
0.0000014480213784309005
0.0000014536887738656406
0.0000014593783508589488
0.0000014650901962269908
0.0000014708243971257211
0.0000014765810410522131
0.0000014823602158459934
0.0000014881620096903837
0.000001493986511113845
0.0000014998338089913285
0.0000015057039925456327
0.0000015115971513487645
0.000001517513375323305
0.0000015234527547437828
0.0000015294153802380508
0.0000015354013427886691
0.0000015414107337342944
0.0000015474436447710716
0.0000015535001679540347
0.0000015595803956985112
0.0000015656844207815314
0.000001571812336343245
0.0000015779642358883423
0.0000015841402132874795
0.0000015903403627787129
0.0000015965647789689363
0.0000016028135568353242
0.0000016090867917267808
0.0000016153845793653961
0.0000016217070158479054
0.000001628054197647156
0.0000016344262216135793
0.0000016408231849766682
0.000001647245185346462
0.000001653692320715034
0.0000016601646894579877
0.0000016666623903359585
0.0000016731855224961192
0.0000016797341854736943
0.0000016863084791934778
0.0000016929085039713583
0.0000016995343605158497
0.000001706186149929628
0.0000017128639737110738
0.0000017195679337558213
0.0000017262981323583126
0.0000017330546722133592
0.0000017398376564177084
0.0000017466471884716174
0.000001753483372280431
0.0000017603463121561693
0.0000017672361128191168
0.0000017741528793994224
0.0000017810967174387023
0.0000017880677328916516
0.0000017950660321276595
0.0000018020917219324338
0.0000018091449095096296
0.0000018162257024824851
0.0000018233342088954641
0.0000018304705372159045
0.0000018376347963356732
0.0000018448270955728279
0.0000018520475446732852
0.0000018592962538124947
0.0000018665733335971212
0.0000018738788950667307
0.000001881213049695487
0.0000018885759093938504
0.000001895967586510287
0.0000019033881938329823
0.000001910837844591562
0.0000019183166524588197
0.000001925824731552453
0.0000019333621964368023
0.0000019409291621246003
0.0000019485257440787278
0.000001956152058213973
0.0000019638082208988035
0.0000019714943489571387
0.0000019792105596701347
0.0000019869569707779724
0.000001994733700481656
0.0000020025408674448134
0.0000020103785907955112
0.000002018246990128068
0.000002026146185504882
0.0000020340762974582635
0.000002042037446992271
0.00000205002975558456
0.000002058053345188238
0.000002066108338233721
0.000002074194857630605
0.0000020823130267695404
0.000002090462969524116
0.000002098644810252747
0.0000021068586738005736
0.0000021151046855013667
0.0000021233829711794397
0.0000021316936571515677
0.0000021400368702289165
0.000002148412737718976
0.0000021568213874275043
0.000002165262947660477
0.0000021737375472260443
0.0000021822453154364983
0.000002190786382110244
0.000002199360877573782
0.000002207968932663697
0.000002216610678728652
0.0000022252862476313956
0.0000022339957717507716
0.0000022427393839837406
0.0000022515172177474067
0.0000022603294069810542
0.000002269176086148191
0.0000022780573902385995
0.0000022869734547703984
0.000002295924415792108
0.000002304910409884729
0.000002313931574163823
0.0000023229880462816085
0.000002332079964429059
0.0000023412074673380117
0.0000023503706942832857
0.000002359569785084806
0.0000023688048801097365
0.0000023780761202746237
0.0000023873836470475455
0.0000023967276024502703
0.0000024061081290604234
0.0000024155253700136647
0.000002424979469005869
0.000002434470570295323
0.000002443998818704923
0.0000024535643596243858
0.0000024631673390124694
0.0000024728079033991963
0.000002482486199888092
0.000002492202376158429
0.00000250195658046748
0.0000025117489616527804
0.0000025215796691343987
0.000002531448852917218
0.000002541356663593223
0.0000025513032523437988
0.0000025612887709420388
0.000002571313371755058
0.0000025813772077463207
0.0000025914804324779725
0.0000026016232001131844
0.0000026118056654185053
0.0000026220279837662222
0.000002632290311136734
0.0000026425928041209276
0.0000026529356199225707
0.000002663318916360708
0.0000026737428518720713
0.0000026842075855134967
0.0000026947132769643497
0.000002705260086528964
0.000002715848175139087
0.0000027264777043563346
0.0000027371488363746572
0.0000027478617340228147
0.0000027586165607668597
0.000002769413480712634
0.000002780252658608271
0.0000027911342598467104
0.0000028020584504682217
0.000002813025397162936
0.0000028240352672733927
0.0000028350882287970913
0.000002846184450389055
0.0000028573241013644035
0.0000028685073517009374
0.000002879734372041731
0.0000028910053336977384
0.000002902320408650404
0.0000029136797695542894
0.000002925083589739707
0.0000029365320432153645
0.000002948025304671021
0.000002959563549480152
0.0000029711469537026246
0.0000029827756940873848
0.000002994449948075156
0.0000030061698938011425
0.0000030179357100977524
0.0000030297475764973225
0.0000030416056732348597
0.0000030535101812507913
0.0000030654612821937246
0.0000030774591584232196
0.0000030895039930125723
0.0000031015959697516064
0.000003113735273149479
0.0000031259220884374956
0.0000031381566015719364
0.000003150438999236894
0.0000031627694688471213
0.0000031751481985508933
0.0000031875753772328753
0.0000032000511945170063
0.000003212575840769393
0.000003225149507101213
0.0000032377723853716334
0.000003250444668190736
0.0000032631665489224563
0.000003275938221687536
0.0000032887598813664843
0.00000330163172360255
0.0000033145539448047078
0.0000033275267421506572
0.000003340550313589827
0.0000033536248578463996
0.0000033667505744223422
0.0000033799276636004495
0.0000033931563264474013
0.0000034064367648168304
0.0000034197691813524023
0.000003433153779490907
0.000003446590763465364
0.0000034600803383081385
0.0000034736227098540686
0.0000034872180847436083
0.0000035008666704259795
0.0000035145686751623357
0.0000035283243080289442
0.0000035421337789203715
0.0000035559972985526886
0.0000035699150784666865
0.0000035838873310311035
0.0000035979142694458653
0.000003611996107745338
0.0000036261330608015955
0.0000036403253443276964
0.000003654573174880977
0.0000036688767698663547
0.000003683236347539646
0.0000036976521270108952
0.0000037121243282477217
0.000003726653172078671
0.000003741238880196589
0.000003755881675162002
0.0000037705817804065135
0.000003785339420236214
0.000003800154819835103
0.000003815028205268526
0.000003829959803486622
0.000003844949842327788
0.0000038599985505221555
0.000003875106157695082
0.00000389027289437065
0.000003905498991975189
0.000003920784682840808
0.000003936130200208935
0.00000395153577823388
0.000003967001651986409
0.000003982528057457326
0.000003998115231561079
0.00000401376341213937
0.000004029472837964792
0.000004045243748744464
0.000004061076385123692
0.000004076970988689643
0.000004092927801975028
0.000004108947068461804
0.000004125029032584891
0.0000041411739397358995
0.0000041573820362668745
0.000004173653569494057
0.0000041899887877016565
0.000004206387940145638
0.000004222851277057527
0.00000423937904964823
0.000004255971510111862
0.0000042726289116296
0.000004289351508373543
0.000004306139555510591
0.000004322993309206341
0.000004339913026628992
0.0000043568989659532705
0.000004373951386364373
0.000004391070548061914
0.000004408256712263906
0.0000044255101412107355
0.0000044428310981691686
0.0000044602198474363725
0.00000447767665434394
0.000004495201785261945
0.000004512795507603002
0.000004530458089826352
0.000004548189801441954
0.000004565990913014599
0.000004583861696168039
0.000004601802423589131
0.000004619813369031998
0.000004637894807322208
0.0000046560470143609636
0.000004674270267129317
0.000004692564843692389
0.000004710931023203621
0.0000047293690859090285
0.000004747879313151479
0.0000047664619873749835
0.00000478511739212901
0.000004803845812072804
0.000004822647532979741
0.000004841522841741679
0.0000048604720263733385
0.000004879495376016697
0.000004898593180945406
0.00000491776573256921
0.0000049370133234384036
0.000004956336247248289
0.00000497573479884366
0.000004995209274223299
0.000005014759970544497
0.000005034387186127583
0.000005054091220460481
0.0000050738723742032775
0.000005093730949192808
0.000005113667248447265
0.00000513368157617082
0.000005153774237758266
0.0000051739455397996786
0.000005194195790085092
0.000005214525297609196
0.000005234934372576052
0.000005255423326403826
0.000005275992471729541
0.000005296642122413846
0.0000053173725935458044
0.000005338184201447705
0.0000053590772636798865
0.0000053800520990455834
0.0000054011090275957925
0.000005422248370634153
0.000005443470450721851
0.000005464775591682541
0.000005486164118607289
0.000005507636357859531
0.000005529192637080053
0.00000555083328519199
0.000005572558632405849
0.0000055943690102245385
0.0000056162647514484375
0.000005638246190180469
0.000005660313661831195
0.00000568246750312394
0.000005704708052099923
0.000005727035648123423
0.000005749450631886949
0.000005771953345416448
0.000005794544132076512
0.000005817223336575632
0.0000058399913049714415
0.000005862848384676011
0.000005885794924461143
0.000005908831274463692
0.00000593195778619091
0.000005955174812525811
0.000005978482707732551
0.000006001881827461842
0.000006025372528756366
0.000006048955170056238
0.000006072630111204463
0.000006096397713452435
0.000006120258339465443
0.00000614421235332821
0.000006168260120550444
0.000006192402008072421
0.000006216638384270578
0.000006240969618963137
0.000006265396083415748
0.000006289918150347154
0.000006314536193934876
0.000006339250589820927
0.000006364061715117541
0.000006388969948412926
0.000006413975669777042
0.000006439079260767404
0.000006464281104434896
0.0000064895815853296255
0.000006514981089506784
0.000006540480004532541
0.000006566078719489956
0.000006591777624984918
0.000006617577113152105
0.000006643477577660964
0.000006669479413721722
0.000006695583018091417
0.000006721788789079945
0.00000674809712655615
0.0000067745084319539114
0.000006801023108278282
0.0000068276415601116276
0.000006854364193619807
0.000006881191416558367
0.000006908123638278764
0.00000693516126973461
0.000006962304723487946
0.000006989554413715532
0.000007016910756215174
0.0000070443741684120605
0.000007071945069365139
0.000007099623879773507
0.000007127411021982831
0.00000715530691999179
0.000007183311999458551
0.000007211426687707256
0.000007239651413734548
0.0000072679866082161165
0.000007296432703513267
0.000007324990133679518
0.000007353659334467227
0.000007382440743334239
0.000007411334799450557
0.0000074403419437050515
0.0000074694626187121785
0.000007498697268818742
0.000007528046340110668
0.000007557510280419813
0.0000075870895393308
0.000007616784568187876
0.000007646595820101798
0.000007676523749956745
0.000007706568814417274
0.000007736731471935264
0.00000776701218275693
0.000007797411408929837
0.000007827929614309957
0.00000785856726456874
0.000007889324827200223
0.000007920202771528162
0.000007951201568713198
0.000007982321691760037
0.000008013563615524676
0.00000804492781672165
0.000008076414773931293
0.000008108024967607054
0.000008139758880082827
0.000008171616995580304
0.000008203599800216365
0.000008235707782010503
0.00000826794143089226
0.000008300301238708711
0.000008332787699231966
0.000008365401308166704
0.000008398142563157736
0.000008431011963797602
0.00000846401001163419
0.000008497137210178393
0.000008530394064911786
0.000008563781083294347
0.000008597298774772197
0.000008630947650785367
0.00000866472822477561
0.00000869864101219424
0.00000873268653050998
0.000008766865299216874
0.000008801177839842209
0.000008835624675954467
0.000008870206333171326
0.000008904923339167669
0.00000893977622368364
0.000008974765518532728
0.000009009891757609884
0.000009045155476899657
0.000009080557214484392
0.000009116097510552417
0.000009151776907406305
0.000009187595949471138
0.000009223555183302818
0.000009259655157596408
0.0000092958964231945
0.000009332279533095625
0.000009368805042462686
0.000009405473508631438
0.000009442285491118981
0.000009479241551632305
0.00000951634225407686
0.00000955358816456516
0.000009590979851425414
0.000009628517885210214
0.000009666202838705227
0.00000970403528693794
0.000009742015807186436
0.000009780144978988197
0.000009818423384148952
0.000009856851606751555
0.000009895430233164894
0.00000993415985205284
0.00000997304105438323
0.000010012074433436884
0.000010051260584816655
0.000010090600106456522
0.00001013009359863071
0.000010169741663962855
0.000010209544907435188
0.000010249503936397778
0.000010289619360577798
0.000010329891792088818
0.000010370321845440158
0.00001041091013754626
0.000010451657287736097
0.00001049256391776263
0.000010533630651812292
0.000010574858116514511
0.000010616246940951275
0.000010657797756666729
0.000010699511197676812
0.00001074138790047893
0.000010783428504061669
0.00001082563364991455
0.000010868003982037808
0.000010910540146952223
0.000010953242793708995
0.000010996112573899624
0.000011039150141665878
0.000011082356153709763
0.000011125731269303538
0.000011169276150299785
0.000011212991461141504
0.000011256877868872248
0.000011300936043146307
0.000011345166656238926
0.000011389570383056556
0.00001143414790114716
0.00001147889989071055
0.00001152382703460876
0.000011568930018376477
0.000011614209530231491
0.000011659666261085199
0.00001170530090455315
0.000011751114156965632
0.000011797106717378284
0.00001184327928758278
0.000011889632572117523
0.000011936167278278403
0.00001198288411612959
0.000012029783798514364
0.000012076867041065996
0.000012124134562218665
0.000012171587083218424
0.000012219225328134202
0.000012267050023868853
0.00001231506190017025
0.000012363261689642417
0.000012411650127756709
0.000012460227952863036
0.000012508995906201127
0.000012557954731911842
0.000012607105177048523
0.0000126564479915884
0.000012705983928444028
0.00001275571374347478
0.000012805638195498381
0.000012855758046302478
0.000012906074060656277
0.000012956587006322205
0.00001300729765406762
0.00001305820677767659
0.000013109315153961677
0.000013160623562775805
0.000013212132787024159
0.000013263843612676125
0.000013315756828777288
0.000013367873227461468
0.000013420193603962811
0.000013472718756627921
0.000013525449486928043
0.000013578386599471289
0.000013631530902014922
0.000013684883205477674
0.000013738444323952124
0.000013792215074717123
0.000013846196278250254
0.000013900388758240366
0.000013954793341600129
0.000014009410858478662
0.000014064242142274193
0.000014119288029646778
0.000014174549360531072
0.000014230026978149135
0.000014285721729023311
0.000014341634462989135
0.000014397766033208308
0.000014454117296181703
0.000014510689111762455
0.000014567482343169057
0.000014624497856998555
0.000014681736523239747
0.000014739199215286483
0.000014796886809950974
0.000014854800187477177
0.000014912940231554227
0.000014971307829329922
0.000015029903871424257
0.000015088729251943012
0.000015147784868491406
0.000015207071622187776
0.000015266590417677347
0.00001532634216314601
0.000015386327770334215
0.000015446548154550848
0.00001550700423468722
0.00001556769693323107
0.00001562862717628067
0.000015689795893558925
0.000015751204018427575
0.000015812852487901434
0.000015874742242662695
0.000015936874227075268
0.000015999249389199203
0.000016061868680805156
0.000016124733057388896
0.000016187843478185913
0.000016251200906186023
0.00001631480630814809
0.000016378660654614756
0.000016442764919927267
0.000016507120082240324
0.000016571727123537028
0.000016636587029643846
0.00001670170079024566
0.000016767069398900872
0.000016832693853056564
0.000016898575154063712
0.000016964714307192465
0.0000170311123216475
0.000017097770210583397
0.000017164688991120115
0.000017231869684358513
0.000017299313315395917
0.00001736702091334178
0.00001743499351133337
0.000017503232146551536
0.000017571737860236545
0.000017640511697703964
0.0000177095547083606
0.00001777886794572054
0.000017848452467421182
0.000017918309335239427
0.000017988439615107834
0.000018058844377130914
0.000018129524695601443
0.00001820048164901687
0.000018271716320095747
0.00001834322979579428
0.000018415023167322897
0.00001848709753016291
0.000018559453984083202
0.00001863209363315706
0.000018705017585778968
0.000018778226954681552
0.00001885172285695255
0.00001892550641405186
0.000018999578751828646
0.000019073941000538522
0.0000191485942948608
0.0000192235397739158
0.00001929877858128223
0.000019374311865014642
0.000019450140777660944
0.00001952626647627999
0.000019602690122459233
0.00001967941288233246
0.00001975643592659756
0.000019833760430534416
0.000019911387574022826
0.0000199893185415605
0.000020067554522281147
0.00002014609670997261
0.000020224946303095093
0.000020304104504799428
0.00002038357252294546
0.00002046335157012045
0.0000205434428636576
0.000020623847625654624
0.000020704567082992378
0.000020785602467353605
0.000020866955015241713
0.000020948625967999643
0.000021030616571828828
0.000021112928077808185
0.00002119556174191322
0.00002127851882503518
0.000021361800593000315
0.000021445408316589164
0.000021529343271555973
0.000021613606738648142
0.000021698200003625774
0.000021783124357281296
0.00002186838109545916
0.0000219539715190756
0.000022039896934138496
0.0000221261586517673
0.00002221275798821304
0.0000222996962648784
0.000022386974808337897
0.000022474594950358106
0.000022562558027917994
0.00002265086538322931
0.000022739518363757077
0.000022828518322240145
0.000022917866616711834
0.000023007564610520655
0.000023097613672351114
0.000023188015176244598
0.000023278770501620344
0.000023369881033296475
0.000023461348161511148
0.000023553173281943746
0.000023645357795736196
0.000023737903109514343
0.0000238308106354094
0.000023924081791079507
0.00002401771799973137
0.000024111720690141957
0.000024206091296680317
0.000024300831259329465
0.000024395942023708337
0.000024491425041093874
0.00002458728176844315
0.000024683513668415607
0.000024780122209395374
0.000024877108865513676
0.000024974475116671322
0.00002507222244856129
0.000025170352352691394
0.000025268866326407045
0.0000253677658729141
0.000025467052501301794
0.000025566727726565778
0.000025666793069631218
0.000025767250057376023
0.00002586810022265412
0.000025969345104318876
0.000026070986247246535
0.00002617302520235984
0.00002627546352665166
0.00002637830278320876
0.000026481544541235667
0.000026585190376078587
0.00002668924186924946
0.000026793700608450096
0.000026898568187596384
0.000027003846206842633
0.000027109536272605974
0.000027215639997590872
0.00002732215900081375
0.00002742909490762767
0.000027536449349747158
0.00002764422396527308
0.000027752420398717656
0.000027861040301029535
0.00002797008532961901
0.000028079557148383276
0.000028189457427731856
0.000028299787844612057
0.000028410550082534584
0.000028521745831599205
0.00002863337678852056
0.00002874544465665404
0.000028857951146021778
0.00002897089797333875
0.000029084286862038953
0.00002919811954230173
0.000029312397751078144
0.00002942712323211749
0.000029542297735993916
0.00002965792302013311
0.000029774000848839143
0.000029890532993321367
0.000030007521231721453
0.000030124967349140527
0.000030242873137666396
0.00003036124039640091
0.000030480070931487388
0.000030599366556138215
0.00003071912909066247
0.00003083936036249374
0.00003096006220621796
0.000031081236463601456
0.000031202884983619004
0.00003132500962248208
0.00003144761224366715
0.000031570694717944126
0.00003169425892340491
0.00003181830674549206
0.00003194284007702751
0.00003206786081824153
0.000032193370876801656
0.00003231937216784184
0.000032445866613991646
0.00003257285614540559
0.000032700342699792625
0.00003282832822244565
0.00003295681466627126
0.000033085803991819476
0.000033215298167313715
0.0000333452991686808
0.00003347580897958111
0.000033606829591438856
0.00003373836300347245
0.00003387041122272504
0.00003400297626409511
0.00003413606015036724
0.000034269664912242954
0.00003440379258837173
0.000034538445225382075
0.0000346736248779128
0.00003480933360864433
0.00003494557348833018
0.0000350823465958286
0.00003521965501813423
0.00003535750085040998
0.00003549588619601902
0.000035634813166556813
0.00003577428388188341
0.00003591430047015573
0.00003605486506786009
0.00003619597981984474
0.00003633764687935268
0.00003647986840805442
0.00003662264657608102
0.000036765983562057217
0.00003690988155313462
0.0000370543427450251
0.000037199369342034334
0.00003734496355709537
0.00003749112761180247
0.00003763786373644493
0.00003778517417004118
0.00003793306116037291
0.00003808152696401938
0.00003823057384639185
0.00003838020408176815
0.00003853041995332739
0.000038681223753184774
0.0000388326177824266
0.000038984604351145366
0.00003913718577847501
0.000039290364392626314
0.000039444142530922405
0.000039598522539834444
0.000039753506775017414
0.000039909097601346086
0.00004006529739295107
0.000040222108533255065
0.000040379533415009226
0.00004053757444032968
0.000040696234020734165
0.00004085551457717881
0.00004101541854009513
0.000041175948349427076
0.00004133710645466825
0.000041498895314899314
0.000041661317398825504
0.00004182437518481428
0.00004198807116093317
0.00004215240782498773
0.00004231738768455962
0.00004248301325704494
0.000042649287069692566
0.000042816211659642766
0.00004298378957396587
0.0000431520233697012
0.000043320915613895993
0.00004349046888364467
0.000043660685766128113
0.0000438315688586531
0.000044003120768692036
0.000044175344113922636
0.000044348241522267954
0.000044521815631936424
0.00004469606909146213
0.00004487100455974525
0.00004504662470609259
0.00004522293221025831
0.00004539992976248485
0.00004557762006354397
0.00004575600582477793
0.0000459350897681409
0.000046114874626240464
0.00004629536314237934
0.00004647655807059723
0.000046658462175712834
0.00004684107823336605
0.000047024409030060326
0.00004720845736320517
0.00004739322604115886
0.000047578717883271245
0.00004776493571992683
0.00004795188239258791
0.00004813956075383796
0.000048327973667425135
0.000048517124008306014
0.000048707014662689404
0.000048897648528080443
0.00004908902851332477
0.00004928115753865291
0.00004947403853572487
0.000049667674447674844
0.000049862068229156115
0.000050057222846386166
0.000050253141277191926
0.000050449826511055205
0.00005064728154915831
0.000050845509404429844
0.0000510445131015907
0.00005124429567720015
0.00005144486017970228
0.0000516462096694724
0.000051848347218863805
0.00005205127591225466
0.00005225499884609502
0.00005245951912895412
0.00005266483988156777
0.00005287096423688602
0.000053077895340120925
0.000053285636348794556
0.00005349419043278717
0.00005370356077438559
0.000053913750568331754
0.00005412476302187148
0.00005433660135480337
0.00005454926879952798
0.00005476276860109711
0.000054977104017263335
0.00005519227831852973
0.00005540829478819973
0.00005562515672242729
0.00005584286743026711
0.00005606143023372519
0.00005628084846780948
0.0000565011254805808
0.00005672226463320388
0.000056944269299998705
0.00005716714286849197
0.00005739088873946875
0.00005761551032702445
0.00005784101105861684
0.00005806739437511841
0.00005829466373086881
0.00005852282259372761
0.00005875187444512721
0.00005898182278012593
0.000059212671107461366
0.000059444422949603944
0.00005967708184281062
0.000059910651337178895
0.00006014513499670094
0.000060380536399318004
0.000060616859136975
0.00006085410681567532
0.00006109228305553586
0.00006133139149084223
0.00006157143577010426
0.00006181241955611162
0.00006205434652598976
0.00006229722037125596
0.0000625410447978757
0.00006278582352631923
0.00006303156029161826
0.00006327825884342304
0.0000635259229460595
0.00006377455637858677
0.00006402416293485477
0.00006427474642356213
0.0000645263106683143
0.00006477885950768193
0.00006503239679525935
0.0000652869263997235
0.00006554245220489287
0.00006579897810978675
0.00006605650802868481
0.00006631504589118676
0.0000665745956422723
0.00006683516124236139
0.00006709674666737461
0.00006735935590879385
0.00006762299297372325
0.00006788766188495026
0.0000681533666810071
0.00006842011141623239
0.00006868790016083293
0.0000689567370009459
0.00006922662603870114
0.00006949757139228379
0.0000697695771959971
0.00007004264760032553
0.00007031678677199808
0.00007059199889405187
0.00007086828816589593
0.00007114565880337538
0.00007142411503883562
0.00007170366112118704
0.00007198430131596974
0.00007226603990541871
0.00007254888118852912
0.00007283282948112196
0.0000731178891159098
0.00007340406444256305
0.00007369135982777617
0.00007397977965533444
0.00007426932832618075
0.00007456001025848283
0.0000748518298877006
0.00007514479166665387
0.00007543890006559033
0.00007573415957225372
0.00007603057469195227
0.00007632814994762755
0.00007662688987992337
0.00007692679904725512
0.00007722788202587939
0.00007753014340996364
0.00007783358781165646
0.00007813821986115783
0.00007844404420678988
0.0000787510655150677
0.00007905928847077063
0.00007936871777701373
0.0000796793581553195
0.00007999121434568997
0.00008030429110667905
0.00008061859321546505
0.00008093412546792363
0.00008125089267870103
0.00008156889968128741
0.00008188815132809075
0.00008220865249051076
0.0000825304080590133
0.00008285342294320493
0.00008317770207190794
0.00008350325039323543
0.00008383007287466689
0.00008415817450312395
0.00008448756028504653
0.00008481823524646916
0.00008515020443309777
0.00008548347291038659
0.00008581804576361548
0.00008615392809796751
0.00008649112503860692
0.0000868296417307572
0.00008716948333977976
0.00008751065505125259
0.0000878531620710495
0.0000881970096254195
0.00008854220296106657
0.0000888887473452297
0.00008923664806576326
0.00008958591043121772
0.00008993653977092063
0.0000902885414350579
0.00009064192079475552
0.00009099668324216148
0.00009135283419052796
0.00009171037907429409
0.0000920693233491688
0.00009242967249221398
0.00009279143200192821
0.00009315460739833056
0.00009351920422304484
0.00009388522803938417
0.00009425268443243585
0.00009462157900914659
0.00009499191739840811
0.00009536370525114293
0.00009573694824039069
0.0000961116520613947
0.00009648782243168875
0.00009686546509118452
0.00009724458580225899
0.00009762519034984247
0.00009800728454150686
0.00009839087420755427
0.00009877596520110592
0.00009916256339819151
0.00009955067469783892
0.0000999403050221641
0.00010033146031646154
0.00010072414654929499
0.00010111836971258843
0.00010151413582171762
0.00010191145091560181
0.00010231032105679591
0.00010271075233158303
0.00010311275085006727
0.00010351632274626702
0.00010392147417820859
0.00010432821132802005
0.00010473654040202565
0.00010514646763084056
0.0001055579992694658
0.00010597114159738388
0.0001063859009186544
0.00010680228356201042
0.00010722029588095494
0.00010763994425385789
0.00010806123508405339
0.00010848417479993753
0.00010890876985506645
0.00010933502672825474
0.0001097629519236744
0.00011019255197095403
0.00011062383342527846
0.00011105680286748879
0.00011149146690418283
0.00011192783216781583
0.00011236590531680182
0.00011280569303561501
0.00011324720203489201
0.00011369043905153407
0.00011413541084880993
0.000114582124216459
0.00011503058597079501
0.00011548080295481
0.00011593278203827863
0.00011638653011786323
0.00011684205411721881
0.00011729936098709882
0.0001177584577054612
0.00011821935127757486
0.00011868204873612653
0.0001191465571413281
0.00011961288358102437
0.00012008103517080114
0.00012055101905409388
0.00012102284240229664
0.00012149651241487151
0.00012197203631945849
0.00012244942137198576
0.0001229286748567804
0.00012340980408667956
0.00012389281640314196
0.00012437771917636007
0.0001248645198053724
0.00012535322571817655
0.0001258438443718424
0.00012633638325262604
0.00012683084987608387
0.00012732725178718745
0.00012782559656043842
0.00012832589179998424
0.00012882814513973413
0.00012933236424347565
0.00012983855680499145
0.00013034673054817695
0.00013085689322715792
0.00013136905262640898
0.0001318832165608723
0.0001323993928760769
0.00013291758944825827
0.00013343781418447866
0.0001339600750227477
0.00013448437993214345
0.00013501073691293418
0.00013553915399670016
0.0001360696392464565
0.000136602200756776
0.00013713684665391275
0.0001376735850959261
0.00013821242427280515
0.00013875337240659363
0.00013929643775151558
0.00013984162859410104
0.00014038895325331266
0.00014093842008067257
0.00014149003746038985
0.00014204381380948848
0.00014259975757793567
0.0001431578772487709
0.00014371818133823532
0.00014428067839590176
0.00014484537700480503
0.00014541228578157306
0.00014598141337655832
0.00014655276847396972
0.00014712635979200533
0.00014770219608298515
0.00014828028613348486
0.00014886063876446985
0.00014944326283142971
0.0001500281672245135
0.00015061536086866537
0.0001512048527237606
0.00015179665178474255
0.0001523907670817597
0.0001529872076803036
0.00015358598268134713
0.00015418710122148328
0.00015479057247306475
0.00015539640564434383
0.00015600460997961272
0.00015661519475934502
0.00015722816930033686
0.00015784354295584935
0.00015846132511575126
0.00015908152520666222
0.00015970415269209664
0.00016032921707260806
0.00016095672788593417
0.00016158669470714223
0.00016221912714877535
0.000162854034860999
0.00016349142753174832
0.00016413131488687607
0.0001647737066903008
0.00016541861274415595
0.00016606604288893956
0.00016671600700366416
0.00016736851500600766
0.00016802357685246475
0.00016868120253849862
0.00016934140209869371
0.0001700041856069086
0.00017066956317642994
0.00017133754496012664
0.0001720081411506047
0.00017268136198036305
0.00017335721772194932
0.00017403571868811687
0.00017471687523198194
0.0001754006977471818
0.00017608719666803321
0.00017677638246969176
0.00017746826566831153
0.00017816285682120578
0.00017886016652700782
0.00017956020542583297
0.00018026298419944063
0.00018096851357139753
0.00018167680430724122
0.0001823878672146444
0.00018310171314357975
0.0001838183529864856
0.00018453779767843201
0.00018526005819728778
0.00018598514556388777
0.0001867130708422013
0.00018744384513950073
0.0001881774796065311
0.0001889139854376802
0.0001896533738711495
0.00019039565618912544
0.00019114084371795175
0.0001918889478283022
0.00019263997993535412
0.0001933939514989626
0.0001941508740238353
0.00019491075905970806
0.00019567361820152106
0.00019643946308959588
0.00019720830540981299
0.00019798015689379006
0.00019875502931906102
0.00019953293450925585
0.00020031388433428086
0.00020109789071049978
0.0002018849656009158
0.00020267512101535389
0.00020346836901064417
0.00020426472169080592
0.0002050641912072321
0.00020586678975887494
0.00020667252959243203
0.00020748142300253318
0.00020829348233192797
0.0002091087199716742
0.00020992714836132686
0.00021074877998912794
0.00021157362739219717
0.000212401703156723
0.00021323301991815497
0.0002140675903613963
0.0002149054272209975
0.0002157465432813508
0.00021659095137688503
0.00021743866439226159
0.000218289695262571
0.0002191440569735303
0.00022000176256168122
0.00022086282511458907
0.0002217272577710424
0.00022259507372125351
0.0002234662862070598
0.00022434090852212576
0.00022521895401214571
0.00022610043607504765
0.00022698536816119751
0.00022787376377360452
0.00022876563646812717
0.00022966099985368007
0.00023055986759244163
0.0002314622534000625
0.00023236817104587491
0.0002332776343531027
0.00023419065719907224
0.0002351072535154243
0.00023602743728832652
0.0002369512225586868
0.00023787862342236767
0.00023880965403040127
0.0002397443285892053
0.0002406826613607999
0.00024162466666302507
0.00024257035886975927
0.00024351975241113875
0.00024447286177377775
0.0002454297015009895
0.000246390286193008
0.00024735463050721125
0.00024832274915834434
0.00024929465691874434
0.0002502703686185656
0.0002512498991460061
0.0002522332634475346
0.0002532204765281185
0.0002542115534514532
0.0002552065093401916
0.0002562053593761751
0.00025720811880066503
0.00025821480291457537
0.00025922542707870625
0.0002602400067139782
0.00026125855730166754
0.0002622810943836426
0.0002633076335626009
0.00026433819050230705
0.0002653727809278321
0.00026641142062579324
0.0002674541254445945
0.0002685009112946692
0.000269551794148722
0.0002706067900419732
0.0002716659150724029
0.0002727291854009972
0.0002737966172519944
0.00027486822691313265
0.00027594403073589844
0.0002770240451357763
0.00027810828659249914
0.00027919677165029965
0.0002802895169181628
0.0002813865390700794
0.00028248785484530033
0.000283593481048592
0.00028470343455049295
0.0002858177322875711
0.0002869363912626821
0.00028805942854522905
0.0002891868612714227
0.00029031870664454314
0.00029145498193520206
0.0002925957044816065
0.0002937408916898234
0.00029489056103404487
0.0002960447300568554
0.0002972034163694989
0.00029836663765214793
0.00029953441165417327
0.0003007067561944148
0.0003018836891614532
0.0003030652285138832
0.0003042513922805876
0.000305442198561012
0.00030663766552544136
0.0003078378114152772
0.0003090426545433157
0.0003102522132940274
0.00031146650612383765
0.0003126855515614081
0.0003139093682079196
0.000315137974737356
0.000316371389896789
0.00031760963250666423
0.0003188527214610886
0.00032010067572811824
0.00032135351435004836
0.00032261125644370356
0.00032387392120072943
0.00032514152788788584
0.0003264140958473403
0.0003276916444969635
0.00032897419333062576
0.000330261761918494
0.0003315543699073307
0.00033285203702079357
0.0003341547830597365
0.00033546262790251185
0.00033677559150527357
0.0003380936939022817
0.00033941695520620845
0.0003407453956084444
0.0003420790353794073
0.000343417894868851
0.00034476199450617594
0.0003461113548007411
0.00034746599634217677
0.0003488259398006987
0.0003501912059274238
0.0003515618155546862
0.0003529377895963558
0.0003543191490481569
0.0003557059149879889
0.0003570981085762475
0.0003584957510561482
0.0003598988637540498
0.0003613074680797802
0.00036272158552696295
0.0003641412376733455
0.00036556644618112785
0.0003669972327972938
0.0003684336193539422
0.0003698756277686204
0.0003713232800446586
0.00037277659827150564
0.00037423560462506594
0.00037570032136803805
0.0003771707708502542
0.00037864697550902133
0.00038012895786946363
0.00038161674054486614
0.0003831103462370196
0.00038460979773656735
0.00038611511792335253
0.00038762632976676757
0.0003891434563261045
0.00039066652075090693
0.00039219554628132326
0.00039373055624846115
0.0003952715740747437
0.0003968186232742667
0.00039837172745315756
0.0003999309103099356
0.00040149619563587327
0.00040306760731535963
0.0004046451693262645
0.0004062289057403044
0.00040781884072341
0.0004094149985360946
0.00041101740353382464
0.000412626080167391
0.00041424105298328224
0.0004158623466240594
0.00041748998582873153
0.00041912399543313347
0.00042076440037030485
0.00042241122567087037
0.00042406449646342195
0.0004257242379749019
0.000427390475530988
0.00042906323455648
0.00043074254057568753
0.00043242841921281946
0.000434120896192375
0.00043581999733953626
0.00043752574858056214
0.0004392381759431841
0.0004409573055570034
0.0004426831636538894
0.0004444157765683803
0.0004461551707380848
0.0004479013727040852
0.00044965440911134296
0.00045141430670910486
0.00045318109235131115
0.00045495479299700566
0.0004567354357107468
0.0004585230476630206
0.0004603176561306556
0.00046211928849723845
0.00046392797225353256
0.00046574373499789687
0.0004675666044367073
0.00046939660838477953
0.00047123377476579323
0.0004730781316127184
0.0004749297070682428
0.0004767885293852017
0.00047865462692700886
0.0004805280281680892
0.00048240876169431345
0.0004842968562034343
0.00048619234050552415
0.000488095243523415
0.0004900055942931395
0.000491923421964374
0.0004938487558008839
0.0004957816251809691
0.0004977220595979135
0.0004996700886604343
0.0005016257420931335
0.0005035890497369525
0.0005055600415496265
0.0005075387476061422
0.0005095251980991962
0.0005115194233396561
0.0005135214537570228
0.0005155313198998952
0.0005175490524364356
0.0005195746821548384
0.0005216082399637996
0.0005236497568929882
0.00052569926409352
0.0005277567928384327
0.0005298223745231636
0.0005318960406660279
0.0005339778229086999
0.0005360677530166963
0.0005381658628798603
0.0005402721845128484
0.0005423867500556189
0.0005445095917739226
0.0005466407420597946
0.0005487802334320488
0.0005509280985367745
0.0005530843701478336
0.0005552490811673618
0.0005574222646262701
0.0005596039536847485
0.0005617941816327723
0.0005639929818906105
0.000566200388009335
0.000568416433671333
0.0005706411526908208
0.0005728745790143598
0.0005751167467213745
0.0005773676900246723
0.0005796274432709663
0.0005818960409413982
0.0005841735176520654
0.0005864599081545489
0.0005887552473364432
0.0005910595702218895
0.0005933729119721093
0.0005956953078859412
0.0005980267934003796
0.0006003674040911155
0.0006027171756730792
0.0006050761440009849
0.0006074443450698789
0.0006098218150156874
0.0006122085901157691
0.000614604706789468
0.0006170102015986695
0.0006194251112483582
0.000621849472587178
0.0006242833226079939
0.0006267266984484576
0.0006291796373915728
0.0006316421768662651
0.0006341143544479526
0.0006365962078591196
0.0006390877749698918
0.0006415890937986148
0.0006441002025124334
0.0006466211394278742
0.0006491519430114311
0.0006516926518801511
0.0006542433048022244
0.000656803940697575
0.000659374598638456
0.0006619553178500442
0.0006645461377110401
0.0006671470977542673
0.0006697582376672773
0.0006723795972929537
0.0006750112166301211
0.0006776531358341546
0.0006803053952175938
0.0006829680352507563
0.0006856410965623564
0.0006883246199401248
0.0006910186463314305
0.0006937232168439065
0.000696438372746076
0.000699164155467983
0.000701900606601824
0.0007046477679025825
0.0007074056812886669
0.0007101743888425491
0.0007129539328114074
0.000715744355607771
0.0007185456998101666
0.0007213580081637692
0.000724181323581053
0.0007270156891424473
0.0007298611480969934
0.0007327177438630043
0.0007355855200287277
0.0007384645203530111
0.0007413547887659687
0.0007442563693696527
0.000747169306438726
0.000750093644421137
0.0007530294279387991
0.0007559767017882707
0.000758935510941439
0.0007619059005462062
0.000764887915927178
0.0007678816025863562
0.0007708870062038323
0.0007739041726384842
0.0007769331479286766
0.0007799739782929635
0.0007830267101307929
0.0007860913900232152
0.0007891680647335938
0.000792256781208319
0.0007953575865775238
0.0007984705281558035
0.0008015956534429372
0.0008047330101246132
0.0008078826460731563
0.0008110446093482581
0.0008142189481977105
0.000817405711058142
0.000820604946555757
0.0008238167035070768
0.0008270410309196858
0.0008302779779929784
0.0008335275941189099
0.0008367899288827503
0.0008400650320638412
0.0008433529536363545
0.0008466537437700557
0.0008499674528310694
0.0008532941313826474
0.0008566338301859405
0.0008599866002007731
0.0008633524925864207
0.0008667315587023905
0.0008701238501092051
0.0008735294185691895
0.0008769483160472604
0.0008803805947117196
0.00088382630693505
0.0008872855052947141
0.0008907582425739574
0.0008942445717626129
0.0008977445460579097
0.0009012582188652855
0.0009047856437992004
0.0009083268746839561
0.0009118819655545162
0.0009154509706573315
0.0009190339444511671
0.0009226309416079341
0.0009262420170135229
0.0009298672257686418
0.0009335066231896564
0.0009371602648094353
0.0009408282063781959
0.0009445105038643562
0.0009482072134553882
0.0009519183915586755
0.000955644094802374
0.0009593843800362759
0.000963139304332677
0.0009669089249872482
0.0009706932995199089
0.0009744924856757053
0.0009783065414256911
0.000982135524967813
0.0009859794947277968
0.0009898385093600414
0.0009937126277485115
0.0009976019090076377
0.0010015064124832178
0.0010054261977533226
0.0010093613246292047
0.0010133118531562113
0.0010172778436147007
0.0010212593565209615
0.0010252564526281366
0.00102926919292715
0.001033297638647637
0.0010373418512588798
0.0010414018924707435
0.0010454778242346197
0.0010495697087443705
0.0010536776084372778
0.001057801585994996
0.001061941704344509
0.0010660980266590896
0.0010702706163592639
0.001074459537113779
0.0010786648528405746
0.0010828866277077577
0.001087124926134582
0.0010913798127924323
0.0010956513526058083
0.0010999396107533182
0.0011042446526686718
0.001108566544041679
0.0011129053508192525
0.001117261139206414
0.001121633975667304
0.0011260239269261967
0.0011304310599685174
0.001134855442041865
0.0011392971406570386
0.001143756223589066
0.0011482327588782399
0.001152726814831155
0.00115723846002175
0.0011617677632923549
0.0011663147937547406
0.0011708796207911744
0.0011754623140554773
0.0011800629434740885
0.0011846815792471309
0.001189318291849483
0.0011939731520318544
0.0011986462308218651
0.0012033375995251293
0.0012080473297263435
0.0012127754932903787
0.001217522162363377
0.001222287409373853
0.0012270713070337978
0.0012318739283397897
0.001236695346574107
0.0012415356353058474
0.0012463948683920497
0.0012512731199788205
0.0012561704645024665
0.0012610869766906297
0.0012660227315634282
0.0012709778044346
0.0012759522709126529
0.0012809462069020183
0.001285959688604209
0.0012909927925189818
0.0012960455954455054
0.0013011181744835318
0.0013062106070345731
0.0013113229708030822
0.0013164553437976386
0.001321607804332139
0.0013267804310269915
0.0013319733028103163
0.0013371864989191492
0.001342420098900651
0.001347674182613322
0.0013529488302282183
0.0013582441222301784
0.0013635601394190483
0.0013688969629109165
0.00137425467413935
0.0013796333548566381
0.0013850330871350402
0.0013904539533680367
0.001395896036271587
0.0014013594188853921
0.0014068441845741606
0.0014123504170288816
0.0014178782002681016
0.0014234276186392064
0.001428998756819708
0.0014345916998185365
0.0014402065329773383
0.0014458433419717767
0.0014515022128128408
0.001457183231848157
0.0014628864857633064
0.001468612061583148
0.001474360046673147
0.0014801305287407067
0.0014859235958365078
0.0014917393363558513
0.0014975778390400082
0.0015034391929775724
0.0015093234876058213
0.0015152308127120793
0.001521161258435089
0.0015271149152663852
0.001533091874051678
0.0015390922259922361
0.0015451160626462808
0.0015511634759303816
0.0015572345581208596
0.0015633294018551954
0.0015694481001334417
0.0015755907463196436
0.0015817574341432633
0.0015879482577006087
0.0015941633114562707
0.001600402690244564
0.0016066664892709752
0.0016129548041136131
0.00161926773072467
0.0016256053654318836
0.001631967804940008
0.0016383551463322891
0.001644767487071946
0.0016512049250036577
0.0016576675583550565
0.001664155485738227
0.0016706688061512104
0.0016772076189795154
0.0016837720239976347
0.001690362121370567
0.001696978011655346
0.001703619795802574
0.0017102875751579636
0.0017169814514638826
0.0017237015268609076
0.001730447903889382
0.0017372206854909806
0.0017440199750102805
0.0017508458761963386
0.0017576984932042732
0.001764577930596855
0.0017714842933461014
0.001778417686834879
0.0017853782168585108
0.0017923659896263912
0.0017993811117636067
0.0018064236903125625
0.0018134938327346152
0.0018205916469117142
0.0018277172411480466
0.00183487072417169
0.0018420522051362717
0.0018492617936226342
0.0018564995996405073
0.0018637657336301868
0.0018710603064642196
0.0018783834294490952
0.0018857352143269448
0.0018931157732772455
0.001900525218918533
0.001907963664310119
0.0019154312229538169
0.001922928008795674
0.0019304541362277093
0.0019380097200896599
0.0019455948756707327
0.001953209718711364
0.0019608543654049855
0.001968528932399796
0.0019762335368005445
0.001983968296170313
0.0019917333285323136
0.001999528752371688
0.002007354686637315
0.0020152112507436266
0.00202309856457243
0.0020310167484747367
0.002038965923272597
0.0020469462102609476
0.002054957731209459
0.0020630006083643946
0.0020710749644504765
0.002079180922672758
0.0020873186067185026
0.0020954881407590728
0.002103689649451823
0.002111923257942005
0.0021201890918646723
0.0021284872773466024
0.0021368179410082176
0.0021451812099655197
0.002153577211832027
0.002162006074720725
0.002170467927246017
0.0021789628985256905
0.002187491118182885
0.002196052716348071
0.002204647823661035
0.0022132765712728733
0.0022219390908479924
0.00223063551456612
0.00223936597512432
0.002248130605739017
0.002256929540148032
0.0022657629126126193
0.0022746308579195173
0.002283533511383005
0.002292471008846966
0.002301443486686963
0.0023104510818123167
0.0023194939316681954
0.0023285721742377138
0.0023376859480440356
0.00234683539215249
0.002356020646172692
0.0023652418502606745
0.0023744991451210232
0.0023837926720090274
0.002393122572732835
0.002402488989655613
0.0024118920656977234
0.0024213319443389027
0.002430808769620451
0.0024403226861474305
0.0024498738390908706
0.002459462374189985
0.0024690884377543943
0.0024787521766663585
0.0024884537383830186
0.002498193270938647
0.0025079709229469055
0.0025177868436031133
0.002527641182686523
0.0025375340905626083
0.0025474657181853546
0.0025574362170995664
0.002567445739443176
0.002577494437949569
0.00258758246594991
0.0025977099773754862
0.0026078771267600553
0.002618084069242202
0.002628330960567707
0.0026386179570919216
0.002648945215782156
0.0026593128942200726
0.0026697211506040907
0.002680170143751801
0.002690660033102389
0.0027011909787190663
0.0027117631412915157
0.00272237668213834
0.0027330317632095276
0.0027437285470889184
0.00275446719699669
0.0027652478767918433
0.002776070750974707
0.0027869359846894454
0.002797843743726579
0.0028087941945255128
0.0028197875041770784
0.002830823840426083
0.002841903371673867
0.002853026266980875
0.002864192696069237
0.0028754028293253558
0.0028866568378025067
0.00289795489322345
0.0029092971679830493
0.0029206838351509027
0.002932115068473984
0.0029435910423792925
0.0029551119319765166
0.002966677913060703
0.0029782891621149424
0.0029899458563130603
0.0030016481735223206
0.00301339629230614
0.003025190391926813
0.003037030652348247
0.0030489172542387077
0.0030608503789735764
0.0030728302086381184
0.0030848569260302594
0.0030969307146633766
0.003109051758769099
0.0031212202433001162
0.003133436353933003
0.0031457002770710523
0.0031580121998471176
0.003170372310126471
0.003182780796509667
0.0031952378483354237
0.0032077436556835082
0.00322029840937764
0.003232902300988401
0.0032455555228361587
0.003258258267994002
0.003271010730290687
0.003283813104313592
0.003296665585411691
0.003309568369698531
0.003322521654055227
0.0033355256361334625
0.00334858051435851
0.0033616864879322562
0.0033748437568362414
0.0033880525218347116
0.003401312984477682
0.0034146253471040123
0.003427989812844494
0.0034414065856249506
0.003454875870169347
0.003468397872002917
0.003481972797455297
0.0034956008536636734
0.003509282248575946
0.0035230171909539
0.00353680589037639
0.003550648557242539
0.00356454540277495
0.003578496639022926
0.003592502478865711
0.0036065631360157305
0.00362067882502186
0.0036348497612726936
0.0036490761609998344
0.0036633582412811897
0.0036776962200442877
0.0036920903160696005
0.0037065407489938816
0.0037210477393135196
0.003735611508387901
0.003750232278442789
0.003764910272573713
0.0037796457147493746
0.0037944388298150633
0.0038092898434960885
0.0038241989824012237
0.0038391664740261636
0.003854192546756996
0.0038692774298736865
0.0038844213535535782
0.0038996245488749012
0.003914887247820301
0.003930209683280378
0.003945592089057239
0.003961034699868069
0.003976537751348708
0.003992101480057248
0.004007726123477645
0.0040234119200233415
0.004039159109040902
0.004054967930813666
0.004070838626565419
0.004086771438464067
0.0041027666096253345
0.004118824384116476
0.004134945006959995
0.004151128724137389
0.004167375782592899
0.004183686430237278
0.004200060915951573
0.004216499489590926
0.004233002401988384
0.004249569904958726
0.004266202251302306
0.004282899694808913
0.004299662490261638
0.004316490893440766
0.0043333851611276775
0.004350345551108769
0.004367372322179382
0.004384465734147754
0.004401626047838985
0.004418853525099015
0.004436148428798619
0.0044535110228374215
0.004470941572147918
0.004488440342699523
0.004506007601502624
0.0045236436166126584
0.004541348657134203
0.004559122993225079
0.004576966896100478
0.004594880638037095
0.004612864492377289
0.004630918733533246
0.004649043636991176
0.004667239479315508
0.0046855065381531166
0.004703845092237552
0.004722255421393299
0.004740737806540044
0.0047592925296969625
0.00477791987398702
0.004796620123641297
0.00481539356400332
0.004834240481533421
0.004853161163813102
0.004872155899549433
0.004891224978579446
0.004910368691874568
0.004929587331545052
0.004948881190844439
0.004968250564174034
0.004987695747087394
0.005007217036294841
0.005026814729667988
0.005046489126244284
0.005066240526231578
0.005086069231012701
0.005105975543150058
0.005125959766390257
0.00514602220566873
0.0051661631671143975
0.00518638295805433
0.005206681887018447
0.005227060263744215
0.005247518399181384
0.005268056605496723
0.005288675196078788
0.005309374485542704
0.005330154789734964
0.00535101642573825
0.00537195971187627
0.005392984967718615
0.0054140925140856375
0.005435282673053345
0.005456555767958313
0.005477912123402625
0.005499352065258815
0.005520875920674851
0.00554248401807912
0.005564176687185443
0.0055859542589981
0.0056078170658168894
0.005629765441242194
0.005651799720180069
0.0056739202388473575
0.005696127334776817
0.00571842134682227
0.005740802615163777
0.005763271481312824
0.0057858282881175374
0.00580847337976791
0.0058312071018010595
0.0058540298011064956
0.005876941825931415
0.0058999435258860165
0.005923035251948835
0.005946217356472094
0.005969490193187088
0.005992854117209573
0.0060163094850451924
0.00603985665459491
0.006063495985160476
0.0060872278374499095
0.006111052573582998
0.006134970557096825
0.006158982152951323
0.006183087727534831
0.006207287648669698
0.006231582285617883
0.006255972009086598
0.006280457191233963
0.006305038205674683
0.006329715427485746
0.0063544892332121575
0.006379360000872671
0.006404328109965567
0.006429393941474441
0.0064545578778740145
0.006479820303135973
0.006505181602734824
0.006530642163653784
0.006556202374390671
0.006581862624963848
0.006607623306918163
0.006633484813330926
0.006659447538817913
0.006685511879539377
0.0067116782332061024
0.006737946999085467
0.006764318578007539
0.006790793372371189
0.006817371786150234
0.0068440542248995985
0.006870841095761506
0.006897732807471687
0.006924729770365621
0.006951832396384793
0.006979041099082983
0.007006356293632573
0.007033778396830886
0.007061307827106542
0.007088945004525844
0.00711669035079919
0.007144544289287505
0.007172507245008699
0.00720057964464416
0.007228761916545255
0.007257054490739874
0.007285457798938988
0.007313972274543236
0.007342598352649541
0.0073713364700577445
0.0074001870652772766
0.007429150578533843
0.007458227451776145
0.007487418128682623
0.007516723054668224
0.0075461426768912016
0.0075756774442599355
0.007605327807439785
0.007635094218859962
0.007664977132720437
0.007694977004998869
0.007725094293457564
0.0077553294576504575
0.007785682958930128
0.00781615526045484
0.007846746827195604
0.007877458125943277
0.007908289625315685
0.007939241795764773
0.00797031510958378
0.00800151004091445
0.008032827065754268
0.008064266661963712
0.008095829309273564
0.008127515489292211
0.008159325685513008
0.008191260383321642
0.008223320070003553
0.00825550523475136
0.008287816368672325
0.008320253964795854
0.008352818518081014
0.008385510525424083
0.008418330485666141
0.008451278899600677
0.008484356269981225
0.008517563101529048
0.008550899900940824
0.008584367176896394
0.00861796544006651
0.008651695203120634
0.008685556980734761
0.008719551289599269
0.008753678648426806
0.008787939577960206
0.008822334600980426
0.008856864242314539
0.008891529028843725
0.008926329489511324
0.0089612661553309
0.008996339559394344
0.009031550236880013
0.009066898725060888
0.009102385563312781
0.009138011293122559
0.009173776458096411
0.00920968160396814
0.009245727278607486
0.009281914032028497
0.009318242416397912
0.00935471298604359
0.009391326297462968
0.009428082909331552
0.00946498338251144
0.00950202828005989
0.009539218167237892
0.009576553611518816
0.009614035182597054
0.009651663452396719
0.009689438995080374
0.009727362387057788
0.009765434206994737
0.009803655035821828
0.00984202545674337
0.009880546055246263
0.009919217419108943
0.009958040138410345
0.009997014805538907
0.010036142015201609
0.010075422364433047
0.01011485645260455
0.010154444881433316
0.010194188254991595
0.010234087179715915
0.010274142264416326
0.01031435412028569
0.010354723360909018
0.010395250602272818
0.010435936462774506
0.01047678156323183
0.01051778652689236
0.01055895197944298
0.010600278549019446
0.010641766866215967
0.01068341756409483
0.010725231278196056
0.010767208646547101
0.010809350309672585
0.010851656910604076
0.010894129094889895
0.010936767510604968
0.01097957280836071
0.011022545641314965
0.011065686665181956
0.011108996538242306
0.011152475921353072
0.011196125477957834
0.011239945874096817
0.011283937778417047
0.011328101862182572
0.011372438799284682
0.011416949266252214
0.011461633942261852
0.011506493509148515
0.011551528651415736
0.011596740056246129
0.011642128413511858
0.011687694415785176
0.011733438758348983
0.011779362139207439
0.011825465259096618
0.011871748821495196
0.011918213532635186
0.011964860101512716
0.012011689239898846
0.012058701662350431
0.012105898086221019
0.012153279231671803
0.012200845821682602
0.01224859858206291
0.012296538241462944
0.01234466553138479
0.012392981186193544
0.012441485943128529
0.01249018054231454
0.012539065726773142
0.012588142242433998
0.012637410838146262
0.012686872265690003
0.012736527279787663
0.012786376638115597
0.012836421101315615
0.012886661433006593
0.012937098399796133
0.012987732771292249
0.013038565320115117
0.013089596821908864
0.013140828055353401
0.013192259802176308
0.013243892847164757
0.013295727978177492
0.013347765986156852
0.013400007665140828
0.013452453812275198
0.013505105227825677
0.013557962715190126
0.013611027080910821
0.01366429913468676
0.013717779689386
0.01377146956105809
0.013825369568946493
0.013879480535501108
0.013933803286390808
0.013988338650516047
0.014043087460021496
0.014098050550308756
0.014153228760049095
0.014208622931196246
0.014264233908999256
0.014320062542015384
0.014376109682123047
0.014432376184534825
0.014488862907810497
0.014545570713870156
0.014602500468007353
0.014659653038902303
0.014717029298635137
0.014774630122699214
0.014832456390014475
0.014890508982940857
0.014948788787291759
0.01500729669234755
0.015066033590869148
0.015125000379111637
0.015184197956837946
0.015243627227332572
0.015303289097415374
0.015363184477455398
0.015423314281384779
0.015483679426712674
0.015544280834539277
0.01560511942956986
0.015666196140128895
0.015727511898174208
0.015789067639311205
0.015850864302807154
0.015912902831605506
0.015975184172340288
0.01603770927535055
0.01610047909469486
0.016163494588165874
0.016226756717304936
0.016290266447416754
0.016354024747584142
0.016418032590682783
0.0164822909533961
0.01654680081623014
0.016611563163528544
0.016676578983487567
0.016741849268171148
0.016807375013526065
0.016873157219397115
0.016939196889542374
0.017005495031648526
0.017072052657346216
0.017138870782225514
0.017205950425851383
0.01727329261177926
0.01734089836757066
0.017408768724808864
0.01747690471911465
0.01754530739016211
0.017613977781694497
0.01768291694154016
0.01775212592162854
0.01782160577800621
0.01789135757085298
0.017961382364498103
0.018031681227436498
0.018102255232345044
0.018173105456098966
0.018244232979788257
0.01831563888873418
0.01838732427250582
0.018459290224936722
0.018531537844141563
0.018604068232532935
0.018676882496838135
0.018749981748116082
0.018823367101774246
0.018897039677585683
0.018971000599706116
0.01904525099669109
0.019119792001513192
0.019194624751579337
0.019269750388748126
0.01934517005934727
0.01942088491419107
0.019496896108597995
0.019573204802408307
0.019649812160001747
0.019726719350315308
0.019803927546861083
0.01988143792774415
0.019959251675680568
0.02003736997801541
0.02011579402674089
0.02019452501851455
0.020273564154677504
0.020352912641272803
0.0204325716890638
0.02051254251355265
0.020592826334998843
0.02067342437843784
0.020754337873699742
0.020835568055428078
0.020917116163098635
0.020998983441038364
0.02108117113844438
0.021163680509403017
0.021246512812908964
0.021329669312884474
0.021413151278198653
0.021496959982686817
0.02158109670516994
0.021665562729474154
0.021750359344450344
0.021835487843993816
0.02192094952706404
0.022006745697704472
0.022092877665062446
0.02217934674340915
0.022266154252159692
0.022353301515893223
0.022440789864373145
0.022528620632567414
0.022616795160668897
0.02270531479411583
0.022794180883612347
0.022883394785149083
0.022972957860023874
0.02306287147486253
0.023153137001639675
0.023243755817699694
0.023334729305777742
0.023426058854020854
0.02351774585600911
0.02360979171077691
0.023702197822834326
0.023794965602188523
0.023888096464365276
0.023981591830430575
0.0240754531270123
0.024169681786322
0.02426427924617674
0.02435924695002104
0.0244545863469489
0.024550298891725924
0.024646386044811498
0.024742849272381084
0.024839690046348596
0.024936909844388858
0.025034510149960144
0.025132492452326828
0.025230858246582093
0.02532960903367075
0.025428746320412143
0.025528271619523153
0.025628186449641245
0.02572849233534768
0.025829190807190754
0.025930283401709164
0.02603177166145544
0.026133657135019514
0.026235941377052298
0.02633862594828945
0.026441712415575188
0.02654520235188616
0.026649097336355485
0.026753398954296834
0.026858108797228615
0.026963228462898267
0.027068759555306635
0.027174703684732446
0.027281062467756873
0.02738783752728822
0.02749503049258667
0.027602642999289148
0.027710676689434277
0.027819133211487452
0.027928014220365963
0.028037321377464272
0.028147056350679354
0.028257220814436147
0.0283678164497131
0.028478844944067834
0.028590307991662876
0.02870220729329152
0.028814544556403775
0.028927321495132424
0.029040539830319175
0.02915420128954092
0.029268307607136092
0.02938286052423114
0.029497861788767083
0.029613313155526188
0.02972921638615875
0.029845573249209965
0.02996238552014692
0.030079654981385682
0.0301973834223185
0.030315572639341107
0.030434224435880126
0.030553340622420593
0.030672923016533588
0.030792973442903954
0.030913493733358156
0.03103448572689222
0.031155951269699805
0.03127789221520036
0.031400310424067414
0.031523207764256975
0.03164658611103602
0.0317704473470111
0.0318947933621571
0.03201962605384605
0.03214494732687607
0.032270759093500474
0.03239706327345691
0.03252386179399666
0.03265115658991408
0.03277894960357606
0.03290724278495173
0.03303603809164217
0.03316533748891029
0.03329514294971084
0.03342545645472046
0.033556279992367995
0.03368761555886473
0.033819465158234925
0.03395183080234636
0.03408471451094104
0.03421811831166603
0.03435204424010438
0.03448649433980617
0.03462147066231972
0.034756975267222885
0.03489301022215448
0.03502957760284582
0.03516667949315242
0.03530431798508576
0.035442495178845214
0.03558121318285013
0.035720474113771966
0.035860280096566576
0.036000633264506685
0.0361415357592144
0.036282989730693896
0.036424997337364234
0.036567560746092284
0.03671068213222579
0.03685436367962658
0.03699860758070385
0.03714341603644767
0.03728879125646253
0.03743473545900107
0.037581250870997916
0.03772833972810368
0.03787600427471906
0.03802424676402909
0.03817306945803752
0.038322474627601334
0.0384724645524654
0.03862304152129725
0.03877420783172201
0.03892596579035746
0.039078317712849225
0.039231265923906106
0.03938481275733556
0.039538960556079306
0.03969371167224909
0.039849068467162546
0.04000503331137926
0.040161608584736906
0.040318796676387596
0.04047659998483431
0.040635020917967515
0.04079406189310188
0.040953725337013185
0.04111401368597534
0.04127492938579755
0.04143647489186167
0.04159865266915963
0.04176146519233108
0.04192491494570112
0.04208900442331823
0.04225373612899232
0.042419112576332935
0.04258513628878761
0.04275180979968037
0.042919135652250404
0.043087116399690845
0.043255754605187734
0.043425052841959154
0.04359501369329448
0.04376563975259378
0.04393693362340742
0.044108897919475754
0.04428153526476905
0.0444548482935275
0.04462883965030139
0.04480351198999153
0.044978867977889685
0.04515491028971929
0.045331641611676264
0.04550906464047
0.0456871820833645
0.04586599665821973
0.04604551109353302
0.04622572812848076
0.04640665051296018
0.04658828100763127
0.04677062238395899
0.04695367742425544
0.04713744892172245
0.04732193968049408
0.04750715251567949
0.04769309025340586
0.04787975573086151
0.04806715179633922
0.04825528130927965
0.048444147140315
0.04863375217131282
0.04882409929541996
0.049015191417106724
0.049207031452211204
0.04939962232798375
0.04959296698313164
0.049787068367863944
0.04998192944393651
0.050177553184697174
0.05037394257513113
0.050571100611906464
0.05076903030341991
0.05096773466984271
0.05116721674316673
0.05136747956725073
0.05156852619786678
0.05177035970274691
0.05197298316162991
0.05217639966630833
0.05238061232067566
0.05258562424077367
0.05279143855483998
0.0529980584033558
0.05320548693909382
0.05341372732716633
0.05362278274507353
0.053832656382752
0.054043351442623386
0.05425487113964324
0.05446721870135011
0.05468039736791477
0.05489441039218966
0.05510926103975852
0.05532495258898625
0.05554148833106887
0.055758871570083794
0.05597710562304024
0.05619619381992981
0.05641613950377735
0.056636946030691915
0.056858616769918005
0.05708115510388698
0.057304564428268645
0.057528848152023096
0.057754009697452716
0.0579800525002544
0.058206980009571974
0.05843479568804885
0.05866350301188082
0.05889310547086914
0.059123606568473756
0.05935500982186676
0.059587318761986086
0.05982053693358934
0.060054667895307945
0.06028971521970139
0.06052568249331179
0.060762573316718575
0.06100039130459344
0.061239140085755525
0.06147882330322674
0.06171944461428739
0.061961007690531984
0.06220351621792523
0.06244697389685829
0.06269138444220528
0.06293675158337987
0.0631830790643923
0.06343037064390639
0.063678630095297
0.06392786120670757
0.06417806778110786
0.0644292536363521
0.0646814226052371
0.0649345785355609
0.06518872529018133
0.06544386674707503
0.06570000679939665
0.06595714935553817
0.06621529833918861
0.06647445768939386
0.06673463136061682
0.06699582332279769
0.0672580375614146
0.0675212780775444
0.06778554888792371
0.0680508540250102
0.06831719753704413
0.06858458348811015
0.06885301595819927
0.06912249904327114
0.06939303685531654
0.06966463352242012
0.06993729318882341
0.07021102001498804
0.07048581817765921
0.07076169186992946
0.0710386453013026
0.07131668269775804
0.07159580830181511
0.07187602637259796
0.07215734118590046
0.07243975703425146
0.07272327822698031
0.07300790909028257
0.07329365396728607
0.07358051721811718
0.07386850321996727
0.07415761636715959
0.07444786107121629
0.0747392417609257
0.07503176288240997
0.07532542889919286
0.07562024429226787
0.0759162135601666
0.07621334121902747
0.07651163180266446
0.07681108986263649
0.07711171996831671
0.07741352670696235
0.07771651468378461
0.07802068852201902
0.07832605286299588
0.0786326123662112
0.07894037170939774
0.07924933558859634
0.07955950871822769
0.07987089583116412
0.08018350167880199
0.08049733103113402
0.08081238867682222
0.08112867942327083
0.0814462080966998
0.0817649795422183
0.0820849986238988
0.08240627022485114
0.08272879924729717
0.08305259061264547
0.08337764926156646
0.08370398015406778
0.08403158826957005
0.08436047860698273
0.0846906561847805
0.08502212604107977
0.08535489323371559
0.08568896284031882
0.08602433995839362
0.08636102970539516
0.08669903721880783
0.08703836765622351
0.08737902619542039
0.08772101803444184
0.08806434839167583
0.08840902250593453
0.08875504563653425
0.08910242306337562
0.0894511600870243
0.08980126202879174
0.09015273423081638
0.09050558205614526
0.09085981088881574
0.09121542613393775
0.09157243321777621
0.0919308375878338
0.09229064471293419
0.09265186008330537
0.09301448921066349
0.09337853762829695
0.09374401089115084
0.09411091457591164
0.09447925428109244
0.09484903562711824
0.09522026425641177
0.09559294583347958
0.09596708604499847
0.09634269059990228
0.09671976522946894
0.09709831568740804
0.0974783477499485
0.09785986721592677
0.09824287990687529
0.09862739166711136
0.0990134083638263
0.09940093588717494
0.09978998015036553
0.10018054708974995
0.10057264266491435
0.10096627285877
0.10136144367764463
0.10175816115137408
0.1021564313333943
0.1025562603008337
0.10295765415460595
0.10336061901950293
0.10376516104428837
0.10417128640179152
0.10457900128900145
0.10498831192716152
0.10539922456186433
0.10581174546314712
0.10622588092558728
0.10664163726839851
0.10705902083552724
0.10747803799574933
0.1078986951427674
0.1083209986953083
0.10874495509722103
0.10917057081757513
0.10959785235075935
0.11002680621658079
0.1104574389603643
0.11088975715305244
0.11132376739130573
0.11175947629760324
0.11219689052034373
0.11263601673394706
0.113076861638956
0.11351943196213851
0.11396373445659039
0.11440977590183832
0.11485756310394325
0.11530710289560436
0.11575840213626322
0.11621146771220849
0.11666630653668103
0.11712292554997933
0.11758133171956547
0.11804153204017138
0.11850353353390562
0.1189673432503605
0.11943296826671962
0.11990041568786594
0.12036969264649011
0.12084080630319939
0.1213137638466268
0.12178857249354093
0.12226523948895597
0.12274377210624231
0.1232241776472375
0.12370646344235767
0.1241906368507094
0.12467670526020198
0.1251646760876602
0.12565455677893742
0.12614635480902928
0.12664007768218774
0.1271357329320356
0.12763332812168127
0.12813287084383454
0.1286343687209221
0.129137829405204
0.12964326057889036
0.1301506699542587
0.13066006527377144
0.13117145431019428
0.13168484486671447
0.13220024477706027
0.13271766190562015
0.13323710414756296
0.1337585794289584
0.13428209570689795
0.13480766096961613
0.1353352832366127
0.13586497055877472
0.1363967310184996
0.13693057272981837
0.13746650383851944
0.13800453252227293
0.13854466699075552
0.13908691548577554
0.13963128628139898
0.1401777876840755
0.14072642803276536
0.1412772156990665
0.14183015908734253
0.14238526663485063
0.14294254681187055
0.14350200812183378
0.14406365910145327
0.1446275083208538
0.14519356438370257
0.14576183592734063
0.1463323316229146
0.14690506017550908
0.1474800303242793
0.14805725084258467
0.1486367305381225
0.14921847825306253
0.14980250286418162
0.15038881328299952
0.1509774184559146
0.15156832736434045
0.1521615490248429
0.1527570924892777
0.15335496684492847
0.15395518121464546
0.15455774475698483
0.15516266666634826
0.15576995617312325
0.1563796225438241
0.15699167508123318
0.15760612312454297
0.15822297604949842
0.15884224326854016
0.15946393423094812
0.16008805842298557
0.16071462536804407
0.16134364462678857
0.1619751257973035
0.1626090785152391
0.1632455124539584
0.16388443732468502
0.16452586287665122
0.16516979889724656
0.16581625521216753
0.16646524168556714
0.1671167682202057
0.1677708447576019
0.16842748127818424
0.16908668780144365
0.16974847438608623
0.1704128511301867
0.17107982817134254
0.17174941568682872
0.17242162389375282
0.17309646304921114
0.1737739434504451
0.17445407543499844
0.17513686938087475
0.17582233570669614
0.17651048487186194
0.1772013273767085
0.17789487376266921
0.17859113461243561
0.17929012055011861
0.1799918422414108
0.180696310393749
0.18140353575647783
0.18211352912101364
0.18282630132100924
0.18354186323251906
0.18426022577416526
0.18498139990730428
0.1857053966361941
0.1864322270081621
0.18716190211377376
0.1878944330870017
0.18862983110539577
0.18936810739025348
0.19010927320679125
0.19085333986431632
0.1916003187163993
0.1923502211610474
0.19310305864087843
0.19385884264329528
0.19461758470066126
0.19537929639047613
0.19614398933555266
0.19691167520419406
0.1976823657103719
0.19845607261390505
0.19923280772063895
0.2000125828826258
0.20079540999830547
0.20158130101268698
0.20237026791753077
0.20316232275153173
0.20395747760050287
0.20475574459755974
0.20555713592330555
0.20636166380601706
0.20716934052183109
0.207980178394932
0.20879418979773953
0.20961138715109784
0.21043178292446474
0.2112553896361023
0.21208221985326747
0.21291228619240427
0.21374560131933593
0.21458217794945839
0.21542202884793415
0.21626516682988728
0.21711160476059876
0.21796135555570278
0.21881443218138405
0.21967084765457534
0.22053061504315635
0.221393747466153
0.2222602580939376
0.22313016014842982
0.22400346690329856
0.22488019168416426
0.22576034786880247
0.22664394888734782
0.227531008222499
0.2284215394097245
0.22931555603746917
0.23021307174736147
0.23111410023442172
0.232018655247271
0.23292675058834106
0.2338384001140847
0.23475361773518746
0.23567241741677974
0.2365948131786499
0.23752081909545814
0.23845044929695142
0.23938371796817895
0.24032063934970863
0.2412612277378443
0.2422054974848441
0.2431534629991392
0.24410513874555384
0.2450605392455259
0.2460196790773287
0.24698257287629313
0.2479492353350313
0.2489196812036605
0.2498939252900284
0.25087198245993886
0.25185386763737894
0.25283959580474646
0.2538291820030788
0.2548226413322821
0.2558199889513621
0.25682124007865503
0.2578264099920601
0.25883551402927246
0.25984856758801733
0.26086558612628497
0.2618865851625664
0.26291158027609046
0.26394058710706114
0.26497362135689667
0.2660106987884688
0.26705183522634335
0.2680970465570219
0.26914634872918386
0.27019975775393024
0.27125728970502744
0.27231896071915296
0.27338478699614155
0.2744547847992322
0.2755289704553164
0.27660736035518735
0.27768997095378994
0.27877681877047206
0.27986792038923625
0.2809632924589932
0.28206295169381546
0.28316691487319273
0.2842751988422877
0.2853878205121932
0.2865047968601901
0.28762614493000666
0.2887518818320782
0.2898820247438086
0.29101659090983195
0.2921555976422762
0.29329906232102687
0.2944470023939925
0.29559943537737077
0.29675637885591577
0.2979178504832066
0.2990838679819163
0.30025444914408245
0.3014296118313789
0.30260937397538795
0.30379375357787425
0.3049827687110593
0.30617643751789725
0.30737477821235176
0.308577809079674
0.3097855484766816
0.3109980148320387
0.31221522664653706
0.3134372024933787
0.31466396101845906
0.3158955209406514
0.31713190105209277
0.3183731202184704
0.31961919737931
0.32087015154826404
0.3221260018134028
0.32338676733750477
0.32465246735834974
0.3259231211890118
0.3271987482181544
0.32847936791032617
0.3297649998062575
0.3310556635231594
0.3323513787550223
0.3336521652729167
0.33495804292529496
0.336269031638294
0.3375851514160396
0.3389064223409513
0.3402328645740491
0.3415644983552609
0.3429013440037316
0.34424342191813284
0.3455907525769745
0.34694335653891706
0.34830125444308524
0.34966446700938314
0.3510330150388101
0.35240691941377855
0.35378620109843206
0.35517088113896567
0.356560980663947
0.35795652088463836
0.35935752309532076
0.3607640086736185
0.3621759990808257
0.36359351586223354
0.365016580647459
0.3664452151507752
0.36787944117144233
0.3693192805940405
0.3707647553888037
0.372215887611955
0.373672699406043
0.37513521300027985
0.3766034507108804
0.3780774349414026
0.3795571881830896
0.3810427330152126
0.3825340921054156
0.3840312882100615
0.3855343441745787
0.3870432829338104
0.3885581275123641
0.39007890102496307
0.391605626676799
0.39313832776388624
0.3946770276734171
0.3962217498841188
0.39777251796661167
0.39932935558376886
0.4008922864910774
0.4024613345370006
0.4040365236633421
0.4056178779056111
0.407205421393389
0.4087991783506979
0.41039917309637
0.41200543004441853
0.41361797370441067
0.4152368286818413
0.4168620196785084
0.4184935714928901
0.42013150902052315
0.4217758572543825
0.4234266412852628
0.42508388630216154
0.4267476175926629
0.4284178605433241
0.43009464064006225
0.4317779834685438
0.4334679147145746
0.43516446016449173
0.43686764570555725
0.43857749732635326
0.44029404111717807
0.44201730327044453
0.44374731008107987
0.4454840879469266
0.4472276633691456
0.4489780629526202
0.4507353134063624
0.4524994415439203
0.4542704742837873
0.4560484386498127
0.45783336177161427
0.459625270884992
0.4614241933323439
0.463230156563083
0.4650431881340563
0.46686331570996537
0.4686905670637882
0.47052497007720323
0.4723665527410147
0.4742153431555798
0.47607136953123724
0.47793466018873804
0.4798052435596775
0.48168314818692903
0.4835684027250795
0.485461035940867
0.4873610767136191
0.48926855403569414
0.4911834970129232
0.49310593486505433
0.4950358969261986
0.49697341264527733
0.49891851158647194
0.5008712234296745
0.5028315779709409
0.5047996051229459
0.5067753349154387
0.5087587974957017
0.5107500231290107
0.5127490421990961
0.514755885208607
0.5167705827795767
0.5187931656538893
0.5208236646937497
0.5228621108821537
0.5249085353233612
0.5269629692433709
0.5290254439903966
0.5310959910353452
0.5331746419722976
0.5352614285189903
0.5373563825172994
0.5394595359337269
0.5415709208598878
0.5436905695130004
0.5458185142363775
0.54795478749992
0.5500994219006123
0.5522524501630204
0.5544139051397897
0.556583819812148
0.5587622272904076
0.5609491608144708
0.5631446537543375
0.5653487396106142
0.5675614520150243
0.569782824730923
0.572012891653811
0.5742516868118521
0.5764992443663932
0.5787555986124843
0.5810207839794026
0.583294835031178
0.5855777864671197
0.5878696731223465
0.590170529968318
0.5924803921133679
0.5947992948032403
0.5971272734216274
0.5994643634907089
0.6018106006716945
0.604166020765368
0.6065306597126334
0.6089045535950637
0.6112877386354506
0.6136802511983586
0.6160821277906783
0.6184934050621846
0.6209141198060958
0.6233443089596343
0.6257840096045911
0.628233258967891
0.6306920944221607
0.6331605534862997
0.635638673826052
0.6381264932545812
0.6406240497330473
0.6431313813711865
0.645648526427892
0.648175523311798
0.6507124105818659
0.6532592269479727
0.6558160112715016
0.6583828025659347
0.6609596399974489
0.663546562885513
0.6661436107034877
0.6687508230792285
0.6713682397956895
0.673995900791531
0.676633846161729
0.6792821161581865
0.6819407511903481
0.6846097918258167
0.6872892787909721
0.6899792529715928
0.6926797554134794
0.6953908273230813
0.6981125100681258
0.7008448451782485
0.7035878743456275
0.7063416394256196
0.7091061824373984
0.7118815455645965
0.7146677711559482
0.717464901725936
0.7202729799554397
0.7230920486923872
0.7259221509524083
0.7287633299194912
0.7316156289466418
0.7344790915565445
0.7373537614422269
0.7402396824677261
0.7431368986687583
0.7460454542533906
0.7489653936027156
0.7518967612715286
0.7548396019890073
0.7577939606593946
0.7607598823626835
0.7637374123553055
0.76672659607082
0.7697274791206092
0.7727401072945725
0.7757645265618263
0.7788007830714049
0.7818489231529648
0.7849089933174918
0.7879810402580102
0.791065110850296
0.7941612521535917
0.7972695114113244
0.8003899360518267
0.8035225736890608
0.806667472123344
0.8098246793420794
0.812994243520487
0.8161762130223398
0.8193706364007008
0.8225775623986646
0.8257970399501007
0.8290291181804004
0.8322738464072263
0.835531274141265
0.8388014510869826
0.8420844271433824
0.8453802524047673
0.8486889771615039
0.8520106519007895
0.8553453273074225
0.8586930542645765
0.8620538838545757
0.8654278673596753
0.8688150562628432
0.8722155022485462
0.8756292572035382
0.8790563732176524
0.8824969025845955
0.885950897802746
0.8894184115759556
0.8928994968143528
0.8963942066351505
0.8999025943634562
0.9034247135330867
0.9069606178873836
0.9105103613800342
0.9140739981758944
0.9176515826518158
0.9212431693974745
0.9248488132162048
0.9284685691258352
0.9321024923595276
0.9357506383666208
0.9394130628134758
0.9430898215843259
0.9467809707821289
0.9504865667294234
0.9542066659691884
0.9579413252657053
0.9616906016054253
0.9654545521978378
0.9692332344763441
0.9730267060991332
0.976835024950062
0.9806582491395386
0.9844964370054085
0.9883496471138451
0.9922179382602435
0.9961013694701175
1