-0.00000180056259288152
-0.000001813798502267645
-0.0000018271312725703022
-0.0000018405616089724619
-0.0000018540902217604077
-0.0000018677178263604132
-0.0000018814451433756732
-0.000001895272898623503
-0.000001909201823172799
-0.0000019232326533817703
-0.0000019373661309359325
-0.000001951603002886382
-0.0000019659440216883324
-0.000001980389945239934
-0.0000019949415369213627
-0.0000020095995656341933
-0.0000020243648058410484
-0.000002039238037605535
-0.000002054220046632457
-0.0000020693116243083234
-0.0000020845135677421392
-0.000002099826679806488
-0.0000021152517691789066
-0.000002130789650383556
-0.0000021464411438331854
-0.0000021622070758713984
-0.000002178088278815219
-0.0000021940855909979568
-0.000002210199856812385
-0.0000022264319267542163
-0.000002242782657465897
-0.0000022592529117807036
-0.000002275843558767162
-0.0000022925554737737744
-0.0000023093895384740723
-0.0000023263466409119807
-0.0000023434276755475157
-0.0000023606335433027954
-0.0000023779651516083893
-0.0000023954234144499854
-0.000002413009252415401
-0.000002430723592741918
-0.000002448567369363961
-0.000002466541522961109
-0.0000024846470010064523
-0.000002502884757815293
-0.000002521255754594188
-0.0000025397609594903433
-0.0000025584013476413592
-0.0000025771779012253263
-0.000002596091609511282
-0.0000026151434689100203
-0.0000026343344830252646
-0.0000026536656627052043
-0.0000026731380260943984
-0.000002692752598686045
-0.0000027125104133746213
-0.0000027324125105089035
-0.000002752459937945353
-0.0000027726537511018923
-0.0000027929950130120556
-0.000002813484794379523
-0.000002834124173633048
-0.000002854914236981768
-0.000002875856078470914
-0.0000028969508000379054
-0.0000029181995115688558
-0.0000029396033309554703
-0.000002961163384152345
-0.0000029828808052346844
-0.000003004756736456414
-0.0000030267923283087157
-0.0000030489887395789697
-0.0000030713471374101244
-0.0000030938686973604773
-0.000003116554603463885
-0.000003139406048290398
-0.000003162424233007328
-0.0000031856103674407465
-0.0000032089656701374145
-0.0000032324913684271613
-0.0000032561886984856943
-0.0000032800589053978616
-0.0000033041032432213605
-0.0000033283229750508944
-0.0000033527193730827894
-0.0000033772937186800634
-0.00000340204730243796
-0.0000034269814242499433
-0.000003452097393374165
-0.0000034773965285003924
-0.000003502880157817423
-0.000003528549619080967
-0.0000035544062596820116
-0.000003580451436715676
-0.0000036066865170505393
-0.0000036331128773984807
-0.000003659731904384989
-0.000003686544994619991
-0.0000037135535547691662
-0.000003740759001625777
-0.0000037681627621829964
-0.0000037957662737067568
-0.000003823570983809109
-0.000003851578350522102
-0.0000038797898423721785
-0.000003908206938455112
-0.000003936831128511457
-0.000003965663913002538
-0.000003994706803186986
-0.000004023961321197798
-0.000004053429000119956
-0.000004083111384068587
-0.000004113010028267678
-0.000004143126499129344
-0.000004173462374333666
-0.000004204019242909073
-0.0000042347987053133196
-0.000004265802373515009
-0.000004297031871075708
-0.000004328488833232637
-0.000004360174906981945
-0.000004392091751162572
-0.0000044242410365407
-0.000004456624445894808
-0.00000448924367410132
-0.0000045221004282208636
-0.000004555196427585135
-0.0000045885334038843705
-0.00000462211310125545
-0.000004655937276370607
-0.000004690007698526777
-0.000004724326149735563
-0.000004758894424813851
-0.000004793714331475052
-0.000004828787690420995
-0.000004864116335434462
-0.000004899702113472386
-0.00000493554688475969
-0.000004971652522883807
-0.000005008020914889844
-0.000005044653961376446
-0.000005081553576592303
-0.000005118721688533363
-0.000005156160239040713
-0.000005193871183899168
-0.000005231856492936534
-0.000005270118150123582
-0.000005308658153674729
-0.000005347478516149421
-0.000005386581264554233
-0.000005425968440445687
-0.0000054656421000338005
-0.000005505604314286352
-0.000005545857169033893
-0.00000558640276507549
-0.000005627243218285221
-0.00000566838065971941
-0.000005709817235724623
-0.0000057515551080464245
-0.000005793596453938902
-0.000005835943466274946
-0.00000587859835365733
-0.000005921563340530551
-0.000005964840667293468
-0.000006008432590412731
-0.0000060523413825370045
-0.0000060965693326119935
-0.000006141118745996295
-0.0000061859919445780315
-0.000006231191266892339
-0.000006276719068239658
-0.000006322577720804869
-0.000006368769613777252
-0.000006415297153471307
-0.000006462162763448409
-0.000006509368884639324
-0.000006556917975467579
-0.000006604812511973719
-0.000006653054987940404
-0.000006701647915018421
-0.000006750593822853549
-0.000006799895259214338
-0.000006849554790120772
-0.0000068995749999738435
-0.000006949958491686032
-0.000007000707886812703
-0.000007051825825684425
-0.000007103314967540219
-0.000007155177990661742
-0.00000720741759250841
-0.000007260036489853475
-0.0000073130374189210485
-0.000007366423135524095
-0.000007420196415203384
-0.000007474360053367429
-0.000007528916865433395
-0.000007583869686969003
-0.000007639221373835425
-0.000007694974802331186
-0.000007751132869337066
-0.000007807698492462033
-0.000007864674610190179
-0.000007922064182028696
-0.000007979870188656905
-0.000008038095632076295
-0.00000809674353576164
-0.000008155816944813166
-0.000008215318926109788
-0.000008275252568463412
-0.000008335620982774322
-0.000008396427302187664
-0.000008457674682251006
-0.000008519366301073027
-0.000008581505359483291
-0.000008644095081193157
-0.00000870713871295781
-0.00000877063952473943
-0.000008834600809871488
-0.000008899025885224208
-0.000008963918091371194
-0.000009029280792757186
-0.000009095117377867032
-0.000009161431259395822
-0.000009228225874420205
-0.000009295504684570919
-0.000009363271176206522
-0.000009431528860588333
-0.0000095002812740566
-0.00000956953197820791
-0.000009639284560073811
-0.000009709542632300714
-0.000009780309833331032
-0.000009851589827585591
-0.000009923386305647325
-0.000009995702984446223
-0.000010068543607445615
-0.000010141911944829717
-0.000010215811793692513
-0.000010290246978227935
-0.000010365221349921389
-0.000010440738787742615
-0.00001051680319833988
-0.000010593418516235536
-0.000010670588704022955
-0.00001074831775256481
-0.000010826609681192765
-0.000010905468537908554
-0.000010984898399586441
-0.000011064903372177125
-0.000011145487590913047
-0.000011226655220515132
-0.000011308410455400968
-0.000011390757519894463
-0.000011473700668436918
-0.000011557244185799612
-0.00001164139238729785
-0.000011726149619006513
-0.00001181152025797709
-0.000011897508712456249
-0.000011984119422105916
-0.00001207135685822488
-0.000012159225523971964
-0.000012247729954590731
-0.000012336874717635762
-0.000012426664413200506
-0.000012517103674146729
-0.00001260819716633554
-0.000012699949588860047
-0.000012792365674279613
-0.00001288545018885576
-0.000012979207932789695
-0.000013073643740461516
-0.000013168762480671044
-0.000013264569056880377
-0.000013361068407458088
-0.000013458265505925148
-0.000013556165361202552
-0.00001365477301786066
-0.000013754093556370288
-0.000013854132093355529
-0.000013954893781848333
-0.000014056383811544867
-0.00001415860740906365
-0.000014261569838205474
-0.000014365276400215152
-0.000014469732434045055
-0.00001457494331662051
-0.00001468091446310702
-0.000014787651327179346
-0.000014895159401292467
-0.0000150034442169544
-0.000015112511345000942
-0.000015222366395872293
-0.000015333015019891608
-0.000015444462907545496
-0.000015556715789766443
-0.00001566977943821722
-0.000015783659665577223
-0.000015898362325830857
-0.000016013893314557865
-0.000016130258569225702
-0.00001624746406948394
-0.00001636551583746068
-0.00001648441993806107
-0.00001660418247926784
-0.00001672480961244395
-0.000016846307532637344
-0.000016968682478887786
-0.000017091940734535843
-0.000017216088627534
-0.000017341132530759942
-0.000017467078862331986
-0.000017593934085926706
-0.000017721704711098783
-0.00001785039729360301
-0.0000179800184357186
-0.000018110574786575667
-0.000018242073042484024
-0.000018374519947264226
-0.0000185079222925809
-0.000018642286918278418
-0.000018777620712718837
-0.00001891393061312221
-0.000019051223605909275
-0.000019189506727046444
-0.000019328787062393238
-0.000019469071748052106
-0.000019610367970720656
-0.000019752682968046317
-0.00001989602402898347
-0.00002004039849415303
-0.000020185813756204528
-0.000020332277260180653
-0.000020479796503884392
-0.000020628379038248616
-0.000020778032467708284
-0.000020928764450575182
-0.00002108058269941525
-0.000021233494981428547
-0.000021387509118831793
-0.000021542632989243586
-0.000021698874526072247
-0.000021856241718906378
-0.000022014742613908087
-0.000022174385314208916
-0.00002233517798030854
-0.000022497128830476165
-0.00002266024614115475
-0.000022824538247367958
-0.000022990013543129954
-0.000023156680481858006
-0.000023324547576787934
-0.000023493623401392435
-0.000023663916589802264
-0.000023835435837230348
-0.000024008189900398786
-0.000024182187597968813
-0.00002435743781097374
-0.00002453394948325482
-0.000024711731621900163
-0.000024890793297686676
-0.000025071143645524994
-0.000025252791864907526
-0.000025435747220359565
-0.00002562001904189348
-0.00002580561672546607
-0.000025992549733439035
-0.000026180827595042623
-0.000026370459906842468
-0.000026561456333209635
-0.000026753826606793894
-0.00002694758052900024
-0.000027142727970468715
-0.000027339278871557486
-0.00002753724324282928
-0.000027736631165541137
-0.00002793745279213752
-0.000028139718346746856
-0.000028343438125681425
-0.00002854862249794072
-0.00002875528190571827
-0.000028963426864911897
-0.00002917306796563752
-0.00002938421587274647
-0.000029596881326346324
-0.000029811075142325376
-0.000030026808212880637
-0.000030244091507049514
-0.000030462936071245074
-0.00003068335302979503
-0.00003090535358548442
-0.00003112894902010194
-0.00003135415069499012
-0.00003158097005159917
-0.00003180941861204472
-0.00003203950797966928
-0.00003227124983960761
-0.00003250465595935599
-0.00003273973818934525
-0.00003297650846351791
-0.00003321497879990913
-0.00003345516130123167
-0.00003369706815546492
-0.000033940711636447826
-0.00003418610410447604
-0.000034433258006902986
-0.00003468218587874519
-0.000034932900343291604
-0.000035185414112717224
-0.000035439739988700806
-0.000035695890863046895
-0.000035953879718312
-0.00003621371962843511
-0.000036475423759372555
-0.000036739005369737094
-0.00003700447781144149
-0.000037271854530346375
-0.00003754114906691262
-0.0000378123750568581
-0.00003808554623181895
-0.00003836067642001542
-0.00003863777954692211
-0.00003891686963594292
-0.00003919796080909057
-0.0000394810672876707
-0.000039766203392970684
-0.00004005338354695314
-0.00004034262227295417
-0.0000406339341963863
-0.00004092733404544633
-0.000041222836651827855
-0.00004152045695143879
-0.00004182020998512367
-0.00004212211089939095
-0.00004242617494714518
-0.00004273241748842421
-0.000043040853991141476
-0.00004335150003183319
-0.000043664371296410725
-0.000043979483580918114
-0.000044296852792294664
-0.000044616494949142755
-0.00004493842618250092
-0.000045262662736622134
-0.00004558922096975736
-0.00004591811735494452
-0.00004624936848080273
-0.00004658299105233201
-0.00004691900189171839
-0.00004725741793914446
-0.00004759825625360547
-0.00004794153401373096
-0.00004828726851861198
-0.000048635477188633894
-0.00004898617756631485
-0.000049339387317149974
-0.00004969512423046122
-0.00005005340622025309
-0.00005041425132607405
-0.00005077767771388385
-0.000051143703676926733
-0.00005151234763661053
-0.00005188362814339172
-0.00005225756387766654
-0.000052634173650668034
-0.00005301347640536927
-0.00005339549121739267
-0.00005378023729592542
-0.00005416773398464117
-0.00005455800076262794
-0.00005495105724532227
-0.00005534692318544978
-0.000055745618473972
-0.0000561471631410397
-0.00005655157735695256
-0.00005695888143312544
-0.000057369095823061114
-0.00005778224112332962
-0.000058198338074554206
-0.00005861740756240395
-0.0000590394706185931
-0.000059464548421887146
-0.00005989266229911569
-0.00006032383372619217
-0.000060758084329140496
-0.00006119543588512855
-0.00006163591032350874
-0.00006207952972686547
-0.00006252631633206985
-0.00006297629253134137
-0.00006342948087331673
-0.00006388590406412607
-0.00006434558496847623
-0.0000648085466107414
-0.00006527481217606123
-0.00006574440501144616
-0.00006621734862689026
-0.00006669366669649172
-0.00006717338305958063
-0.00006765652172185455
-0.00006814310685652165
-0.00006863316280545155
-0.00006912671408033397
-0.00006962378536384505
-0.00007012440151082163
-0.0000706285875494434
-0.00007113636868242302
-0.00007164777028820417
-0.00007216281792216773
-0.00007268153731784606
-0.00007320395438814541
-0.00007373009522657661
-0.0000742599861084939
-0.0000747936534923422
-0.00007533112402091282
-0.00007587242452260733
-0.00007641758201271023
-0.00007696662369466996
-0.00007751957696138865
-0.00007807646939652029
-0.00007863732877577795
-0.00007920218306824949
-0.00007977106043772217
-0.0000803439892440162
-0.00008092099804432723
-0.00008150211559457769
-0.00008208737085077739
-0.00008267679297039313
-0.00008327041131372743
-0.00008386825544530662
-0.00008447035513527817
-0.0000850767403608173
-0.00008568744130754316
-0.00008630248837094433
-0.00008692191215781393
-0.00008754574348769445
-0.00008817401339433192
-0.00008880675312714018
-0.00008944399415267462
-0.00009008576815611606
-0.00009073210704276427
-0.00009138304293954168
-0.00009203860819650703
-0.00009269883538837914
-0.00009336375731607088
-0.00009403340700823334
-0.0000947078177228104
-0.00009538702294860355
-0.00009607105640684719
-0.00009675995205279455
-0.00009745374407731395
-0.00009815246690849602
-0.00009885615521327128
-0.0000995648438990388
-0.00010027856811530554
-0.0001009973632553367
-0.00010172126495781698
-0.000102450309108523
-0.00010318453184200675
-0.00010392396954329033
-0.00010466865884957191
-0.00010541863665194315
-0.00010617394009711782
-0.00010693460658917218
-0.00010770067379129675
-0.00010847217962755983
-0.00010924916228468262
-0.00011003166021382632
-0.00011081971213239088
-0.0001116133570258259
-0.00011241263414945342
-0.00011321758303030288
-0.00011402824346895824
-0.00011484465554141729
-0.00011566685960096354
-0.0001164948962800501
-0.00011732880649219651
-0.00011816863143389783
-0.00011901441258654656
-0.00011986619171836713
-0.00012072401088636344
-0.0001215879124382791
-0.00012245793901457066
-0.0001233341335503941
-0.00012421653927760425
-0.00012510519972676757
-0.0001260001587291881
-0.0001269014604189472
-0.00012780914923495607
-0.00012872326992302276
-0.0001296438675379319
-0.00013057098744553898
-0.00013150467532487795
-0.00013244497717028293
-0.00013339193929352394
-0.0001343456083259567
-0.00013530603122068668
-0.00013627325525474729
-0.00013724732803129265
-0.00013822829748180452
-0.0001392162118683142
-0.00014021111978563877
-0.00014121307016363207
-0.00014222211226945077
-0.000143238295709835
-0.0001442616704334044
-0.00014529228673296898
-0.00014633019524785536
-0.00014737544696624827
-0.0001484280932275475
-0.00014948818572474014
-0.00015055577650678888
-0.00015163091798103557
-0.00015271366291562074
-0.00015380406444191915
-0.00015490217605699112
-0.00015600805162605013
-0.00015712174538494658
-0.00015824331194266782
-0.00015937280628385456
-0.00016051028377133406
-0.00016165580014866954
-0.0001628094115427265
-0.00016397117446625612
-0.00016514114582049503
-0.00016631938289778274
-0.0001675059433841958
-0.00016870088536219923
-0.00016990426731331568
-0.00017111614812081164
-0.00017233658707240153
-0.00017356564386296924
-0.00017480337859730773
-0.0001760498517928764
-0.0001773051243825764
-0.0001785692577175444
-0.00017984231356996428
-0.00018112435413589746
-0.00018241544203813137
-0.000183715640329047
-0.00018502501249350475
-0.0001863436224517494
-0.00018767153456233378
-0.00018900881362506186
-0.00019035552488395056
-0.00019171173403021132
-0.000193077507205251
-0.00019445291100369199
-0.00019583801247641253
-0.00019723287913360637
-0.0001986375789478627
-0.00020005218035726592
-0.00020147675226851557
-0.00020291136406006672
-0.00020435608558529064
-0.00020581098717565612
-0.00020727613964393135
-0.00020875161428740674
-0.0002102374828911387
-0.00021173381773121407
-0.0002132406915780365
-0.0002147581776996335
-0.0002162863498649852
-0.0002178252823473748
-0.0002193750499277606
-0.00022093572789816984
-0.0002225073920651148
-0.00022409011875303077
-0.00022568398480773646
-0.00022728906759991662
-0.0002289054450286276
-0.00023053319552482498
-0.0002321723980549147
-0.00023382313212432675
-0.000235485477781112
-0.00023715951561956237
-0.0002388453267838544
-0.00024054299297171644
-0.00024225259643811907
-0.00024397421999899015
-0.0002457079470349531
-0.0002474538614950896
-0.0002492120479007267
-0.00025098259134924823
-0.00025276557751793057
-0.0002545610926678036
-0.00025636922364753587
-0.00025819005789734576
-0.0002600236834529366
-0.00026187018894945855
-0.0002637296636254943
-0.00026560219732707193
-0.000267487880511703
-0.000269386804252446
-0.000271299060241997
-0.0002732247407968059
-0.00027516393886121916
-0.0002771167480116492
-0.00027908326246077096
-0.00028106357706174454
-0.00028305778731246573
-0.00028506598935984354
-0.00028708828000410466
-0.00028912475670312646
-0.00029117551757679676
-0.0002932406614114025
-0.0002953202876640454
-0.00029741449646708676
-0.0002995233886326206
-0.0003016470656569748
-0.0003037856297252418
-0.00030593918371583744
-0.0003081078312050898
-0.0003102916764718568
-0.00031249082450217325
-0.00031470538099392784
-0.0003169354523615697
-0.0003191811457408454
-0.00032144256899356566
-0.00032371983071240255
-0.0003260130402257176
-0.0003283223076024203
-0.0003306477436568576
-0.0003329894599537348
-0.00033534756881306723
-0.000337722183315164
-0.00034011341730564296
-0.00034252138540047795
-0.00034494620299107767
-0.00034738798624939725
-0.00034984685213308194
-0.0003523229183906437
-0.0003548163035666703
-0.000357327127007068
-0.00035985550886433664
-0.00036240157010287917
-0.00036496543250434405
-0.00036754721867300166
-0.00037014705204115495
-0.00037276505687458414
-0.000375401358278026
-0.00037805608220068754
-0.0003807293554417949
-0.00038342130565617675
-0.00038613206135988405
-0.00038886175193584367
-0.0003916105076395492
-0.0003943784596047867
-0.0003971657398493972
-0.0003999724812810749
-0.0004027988177032026
-0.00040564488382072335
-0.0004085108152460491
-0.0004113967485050069
-0.00041430282104282234
-0.0004172291712301405
-0.0004201759383690848
-0.00042314326269935414
-0.00042613128540435787
-0.00042914014861739
-0.0004321699954278414
-0.0004352209698874514
-0.0004382932170165989
-0.0004413868828106319
-0.00044450211424623795
-0.0004476390592878535
-0.0004507978668941139
-0.0004539786870243439
-0.0004571816706450882
-0.00046040696973668316
-0.00046365473729986984
-0.0004669251273624479
-0.0004702182949859713
-0.00047353439627248586
-0.0004768735883713087
-0.00048023602948585016
-0.0004836218788804779
-0.0004870312968874244
-0.0004904644449137367
-0.0004939214854482705
-0.0004974025820687261
-0.0005009078994487302
-0.0005044376033649604
-0.0005079918607043137
-0.0005115708394711208
-0.0005151747087944045
-0.0005188036389351831
-0.0005224578012938187
-0.0005261373684174127
-0.000529842514007245
-0.0005335734129262609
-0.0005373302412066038
-0.0005411131760571946
-0.0005449223958713579
-0.0005487580802344951
-0.0005526204099318063
-0.0005565095669560574
-0.0005604257345153982
-0.0005643690970412265
-0.0005683398401961018
-0.000572338150881707
-0.0005763642172468603
-0.0005804182286955757
-0.0005845003758951733
-0.0005886108507844396
-0.0005927498465818379
-0.0005969175577937693
-0.0006011141802228845
-0.0006053399109764471
-0.0006095949484747471
-0.0006138794924595671
-0.0006181937440027001
-0.0006225379055145198
-0.0006269121807526027
-0.0006313167748304042
-0.0006357518942259862
-0.0006402177467908001
-0.0006447145417585218
-0.0006492424897539418
-0.0006538018028019089
-0.0006583926943363293
-0.00066301537920922
-0.0006676700736998176
-0.0006723569955237427
-0.0006770763638422208
-0.0006818283992713576
-0.000686613323891473
-0.0006914313612564904
-0.0006962827364033836
-0.0007011676758616811
-0.0007060864076630281
-0.0007110391613508067
-0.0007160261679898145
-0.0007210476601760014
-0.0007261038720462665
-0.0007311950392883134
-0.0007363213991505651
-0.0007414831904521401
-0.0007466806535928878
-0.0007519140305634846
-0.0007571835649555912
-0.0007624895019720724
-0.000767832088437276
-0.0007732115728073763
-0.0007786282051807783
-0.0007840822373085857
-0.0007895739226051311
-0.0007951035161585696
-0.0008006712747415373
-0.0008062774568218727
-0.000811922322573402
-0.000817606133886791
-0.000823329154380461
-0.0008290916494115701
-0.0008348938860870604
-0.0008407361332747717
-0.0008466186616146214
-0.0008525417435298521
-0.0008585056532383448
-0.0008645106667640015
-0.0008705570619481943
-0.0008766451184612844
-0.0008827751178142084
-0.000888947343370134
-0.0008951620803561862
-0.0009014196158752417
-0.0009077202389177944
-0.0009140642403738919
-0.0009204519130451415
-0.0009268835516567892
-0.0009333594528698687
-0.000939879915293424
-0.0009464452394968034
-0.000953055728022027
-0.0009597116853962265
-0.0009664134181441598
-0.0009731612348007989
-0.0009799554459239918
-0.0009867963641071995
-0.0009936843039923093
-0.0010006195822825211
-0.001007602517755313
-0.0010146334312754785
-0.0010217126458082464
-0.0010288404864324731
-0.0010360172803539128
-0.0010432433569185701
-0.0010505190476261246
-0.0010578446861434386
-0.0010652206083181428
-0.0010726471521923006
-0.001080124658016154
-0.0010876534682619486
-0.0010952339276378395
-0.0011028663831018789
-0.0011105511838760856
-0.0011182886814605946
-0.001126079229647892
-0.0011339231845371302
-0.001141820904548528
-0.0011497727504378539
-0.001157779085310993
-0.0011658402746385986
-0.0011739566862708304
-0.0011821286904521756
-0.001190356659836357
-0.001198640969501328
-0.0012069819969643529
-0.0012153801221971756
-0.001223835727641275
-0.001232349198223209
-0.0012409209213700458
-0.0012495512870248856
-0.0012582406876624711
-0.0012669895183048865
-0.001275798176537349
-0.0012846670625240883
-0.0012935965790243195
-0.0013025871314083063
-0.0013116391276735166
-0.001320752978460869
-0.0013299290970710759
-0.0013391678994810756
-0.0013484698043605605
-0.0013578352330886004
-0.0013672646097703566
-0.0013767583612538975
-0.001386316917147102
-0.0013959407098346661
-0.0014056301744952019
-0.001415385749118434
-0.0014252078745224956
-0.0014350969943713193
-0.0014450535551921288
-0.0014550780063930283
-0.0014651708002806911
-0.0014753323920781499
-0.0014855632399426832
-0.0014958638049838075
-0.0015062345512813667
-0.0015166759459037246
-0.001527188458926062
-0.00153777256344877
-0.001548428735615955
-0.0015591574546340383
-0.0015699592027904683
-0.00158083446547253
-0.0015917837311862646
-0.0016028074915754918
-0.0016139062414409389
-0.001625080478759477
-0.0016363307047034632
-0.0016476574236601906
-0.001659061143251446
-0.0016705423743531775
-0.0016821016311152678
-0.0016937394309814208
-0.0017054562947091548
-0.0017172527463899083
-0.0017291293134692554
-0.001741086526767233
-0.0017531249204987796
-0.0017652450322942878
-0.0017774474032202666
-0.001789732577800121
-0.0018021011040350425
-0.0018145535334250142
-0.0018270904209899338
-0.0018397123252908451
-0.0018524198084512956
-0.0018652134361787998
-0.0018780937777864264
-0.0018910614062144994
-0.0019041168980524215
-0.0019172608335606073
-0.001930493796692545
-0.0019438163751169715
-0.001957229160240169
-0.001970732747228381
-0.0019843277350303523
-0.001998014726399987
-0.0020117943279191275
-0.0020256671500204623
-0.002039633807010549
-0.0020536949170929636
-0.002067851102391577
-0.00208210298897395
-0.0020964512068748584
-0.00211089639011994
-0.00212543917674947
-0.002140080208842259
-0.0021548201325396854
-0.002169659598069845
-0.002184599259771839
-0.0021996397761201818
-0.0022147818097493434
-0.002230026027478418
-0.002245373100335926
-0.002260823703584742
-0.0022763785167471584
-0.002292038223630076
-0.0023078035123503303
-0.0023236750753601494
-0.0023396536094727437
-0.00235573981588803
-0.002371934400218487
-0.0023882380725151536
-0.00240465154729375
-0.002421175543560947
-0.0024378107848407574
-0.0024545579992010787
-0.0024714179192803624
-0.0024883912823144253
-0.0025054788301633957
-0.002522681309338802
-0.0025399994710307984
-0.002557434071135529
-0.0025749858702826334
-0.002592655633862894
-0.0026104441320560206
-0.0026283521398585783
-0.002646380437112061
-0.002664529808531101
-0.002682801043731825
-0.002701194937260354
-0.002719712288621446
-0.0027383539023072834
-0.0027571205878264044
-0.002776013159732782
-0.0027950324376550474
-0.0028141792463258573
-0.0028334544156114133
-0.002852858780541124
-0.002872393181337418
-0.0028920584634457023
-0.0029118554775644707
-0.0029317850796755623
-0.002951848131074567
-0.0029720454984013852
-0.0029923780536709327
-0.0030128466743040015
-0.003033452243158267
-0.003054195648559453
-0.0030750777843326456
-0.003096099549833757
-0.0031172618499811485
-0.003138565595287404
-0.003160011701891257
-0.0031816010915896725
-0.003203334691870087
-0.0032252134359427964
-0.003247238262773509
-0.0032694101171160486
-0.0032917299495452135
-0.0033141987164897976
-0.0033368173802657652
-0.003359586909109585
-0.003382508277211718
-0.0034055824647502755
-0.0034288104579248213
-0.003452193248990345
-0.003475731836291387
-0.0034994272242963326
-0.003523280423631856
-0.0035472924511175345
-0.0035714643298006173
-0.0035957970889909626
-0.003620291764296129
-0.003644949397656637
-0.0036697710373813854
-0.0036947577381832406
-0.0037199105612147777
-0.0037452305741041965
-0.003770718850991392
-0.0037963764725641976
-0.0038222045260947867
-0.0038482041054762432
-0.0038743763112592945
-0.0039007222506892147
-0.003927243037742886
-0.003953939793166036
-0.003980813644510633
-0.004007865726172453
-0.0040350971794288135
-0.004062509152476471
-0.0040901028004696905
-0.00411787928555848
-0.004145839776926997
-0.004173985450832113
-0.004202317490642164
-0.004230837086875851
-0.004259545437241321
-0.004288443746675419
-0.004317533227383095
-0.004346815098876999
-0.004376290588017232
-0.004405960929051274
-0.004435827363654079
-0.004465891140968341
-0.004496153517644931
-0.004526615757883506
-0.004557279133473282
-0.004588144923833985
-0.0046192144160569736
-0.004650488904946524
-0.0046819696930612935
-0.004713658090755955
-0.0047455554162229956
-0.004777662995534697
-0.00480998216268528
-0.004842514259633223
-0.004875260636343748
-0.004908222650831483
-0.004941401669203296
-0.004974799065701295
-0.005008416222746009
-0.005042254530979724
-0.0050763153893100075
-0.0051106002049534
-0.005145110393479264
-0.005179847378853829
-0.005214812593484384
-0.0052500074782636545
-0.005285433482614343
-0.005321092064533851
-0.005356984690639156
-0.0053931128362118734
-0.00542947798524348
-0.005466081630480709
-0.005502925273471119
-0.005540010424608824
-0.00557733860318041
-0.005614911337410994
-0.005652730164510479
-0.005690796630719959
-0.0057291122913583035
-0.005767678710868902
-0.005806497462866588
-0.005845570130184706
-0.0058848983049223855
-0.005924483588491933
-0.005964327591666435
-0.006004431934627497
-0.006044798247013165
-0.006085428167965996
-0.006126323346181312
-0.0061674854399556035
-0.006208916117235104
-0.0062506170556645224
-0.006292589942635943
-0.006334836475337883
-0.006377358360804518
-0.006420157315965057
-0.006463235067693291
-0.0065065933528572935
-0.006550233918369276
-0.006594158521235613
-0.006638368928607014
-0.006682866917828861
-0.006727654276491691
-0.006772732802481848
-0.006818104304032278
-0.006863770599773478
-0.00690973351878461
-0.006955994900644751
-0.0070025565954843026
-0.007049420464036554
-0.007096588377689384
-0.007144062218537121
-0.007191843879432545
-0.0072399352640390375
-0.0072883382868828735
-0.007337054873405666
-0.007386086960016944
-0.007435436494146873
-0.00748510543429913
-0.007535095750103897
-0.007585409422371011
-0.007636048443143235
-0.007687014815749688
-0.00773831055485938
-0.0077899376865348995
-0.007841898248286239
-0.007894194289124724
-0.007946827869617104
-0.007999801061939739
-0.008053115949932943
-0.008106774629155425
-0.008160779206938874
-0.008215131802442648
-0.008269834546708599
-0.008324889582716004
-0.008380299065436619
-0.008436065161889845
-0.008492190051198003
-0.008548675924641735
-0.008605524985715493
-0.008662739450183156
-0.008720321546133733
-0.008778273514037191
-0.008836597606800362
-0.008895296089822969
-0.008954371241053735
-0.009013825351046598
-0.009073660723017012
-0.009133879672898347
-0.009194484529398358
-0.009255477634055775
-0.00931686134129694
-0.00937863801849255
-0.009440810046014471
-0.009503379817292632
-0.009566349738871988
-0.009629722230469557
-0.009693499725031529
-0.009757684668790446
-0.009822279521322422
-0.009887286755604468
-0.00995270885807182
-0.010018548328675372
-0.010084807680939134
-0.010151489442017747
-0.010218596152754044
-0.01028613036773665
-0.010354094655357641
-0.010422491597870209
-0.010491323791446393
-0.010560593846234817
-0.010630304386418462
-0.010700458050272478
-0.010771057490221995
-0.010842105372899959
-0.01091360437920498
-0.0109855572043592
-0.011057966557966146
-0.01113083516406862
-0.011204165761206543
-0.011277961102474827
-0.011352223955581237
-0.011426957102904218
-0.011502163341550723
-0.01157784548341401
-0.011654006355231434
-0.011730648798642168
-0.011807775670244939
-0.01188538984165569
-0.011963494199565208
-0.012042091645796723
-0.012121185097363417
-0.012200777486525916
-0.012280871760849701
-0.01236147088326245
-0.012442577832111308
-0.012524195601220103
-0.012606327199946447
-0.012688975653238775
-0.01277214400169329
-0.012855835301610797
-0.012940052625053444
-0.013024799059901358
-0.013110077709909167
-0.013195891694762398
-0.013282244150133748
-0.013369138227739231
-0.0134565770953942
-0.01354456393706919
-0.013633101952945656
-0.013722194359471527
-0.013811844389416612
-0.013902055291927834
-0.013992830332584293
-0.01408417279345215
-0.014176085973139319
-0.01426857318684997
-0.014361637766438834
-0.014455283060465292
-0.01454951243424726
-0.014644329269914852
-0.014739736966463794
-0.014835738939808647
-0.014932338622835729
-0.015029539465455842
-0.015127344934656697
-0.015225758514555102
-0.015324783706448854
-0.015424424028868379
-0.015524683017628042
-0.01562556422587719
-0.015727071224150884
-0.0158292076004203
-0.01593197696014283
-0.016035382926311823
-0.01613942913950601
-0.016244119257938585
-0.01634945695750587
-0.01645544593183572
-0.016562089892335406
-0.016669392568239263
-0.01677735770665583
-0.016885989072614634
-0.016995290449112556
-0.017105265637159753
-0.017215918455825173
-0.017327252742281588
-0.017439272351850214
-0.017551981158044825
-0.01766538305261541
-0.017779481945591348
-0.01789428176532408
-0.018009786458529246
-0.018125999990328347
-0.01824292634428984
-0.018360569522469707
-0.018478933545451458
-0.01859802245238558
-0.018717840301028386
-0.01883839116778031
-0.018959679147723556
-0.01908170835465916
-0.01920448292114341
-0.019328006998523658
-0.019452284756973415
-0.019577320385526845
-0.019703118092112528
-0.019829682103586585
-0.01995701666576503
-0.02008512604345547
-0.020214014520488006
-0.020343686399745438
-0.02047414600319268
-0.020605397671905414
-0.020737445766097925
-0.020870294665150155
-0.02100394876763395
-0.021138412491338417
-0.021273690273294486
-0.02140978656979856
-0.021546705856435328
-0.021684452628099624
-0.021823031399017437
-0.021962446702765915
-0.022102703092292477
-0.02224380513993295
-0.0223857574374287
-0.022528564595942796
-0.022672231246075127
-0.022816762037876522
-0.02296216164086178
-0.023108434744021647
-0.02325558605583372
-0.023403620304272232
-0.023552542236816694
-0.023702356620459428
-0.023853068241711906
-0.024004681906609936
-0.024157202440717618
-0.02431063468913011
-0.02446498351647511
-0.02462025380691311
-0.02477645046413637
-0.024933578411366564
-0.02509164259135112
-0.025250647966358206
-0.025410599518170346
-0.02557150224807668
-0.025733361176863756
-0.02589618134480493
-0.02605996781164831
-0.026224725656603217
-0.026390459978325106
-0.026557175894899043
-0.02672487854382154
-0.026893573081980912
-0.027063264685635947
-0.027233958550393032
-0.027405659891181586
-0.027578373942227827
-0.027752105957026877
-0.0279268612083131
-0.02810264498802873
-0.028279462607290702
-0.028457319396355693
-0.028636220704583343
-0.028816171900397595
-0.0289971783712462
-0.029179245523558266
-0.02936237878269991
-0.029546583592927902
-0.029731865417341383
-0.02991822973783146
-0.03010568205502887
-0.030294227888249457
-0.03048387277543759
-0.030674622273107455
-0.030866481956282128
-0.03105945741843048
-0.031253554271401834
-0.031448778145358375
-0.03164513468870521
-0.03184262956801819
-0.03204126846796929
-0.03224105709124961
-0.03244200115848997
-0.032644106408179045
-0.03284737859657897
-0.033051823497638445
-0.033257446902903276
-0.03346425462142428
-0.033672252479662594
-0.033881446321392304
-0.03409184200760035
-0.03430344541638371
-0.034516262442843754
-0.03473029899897786
-0.0349455610135681
-0.03516205443206706
-0.03537978521648074
-0.03559875934524844
-0.035818982813119696
-0.03604046163102808
-0.03626320182596202
-0.03648720944083237
-0.03671249053433689
-0.03693905118082145
-0.03716689747013807
-0.037396035507499543
-0.037626471413330774
-0.03785821132311678
-0.03809126138724717
-0.03832562777085722
-0.03856131665366538
-0.038798334229807274
-0.03903668670766606
-0.03927638030969912
-0.039517421272261107
-0.03975981584542318
-0.04000357029278847
-0.04024869089130375
-0.04049518393106714
-0.040743055715131926
-0.040992312559306375
-0.041242960791949515
-0.04149500675376281
-0.04174845679757775
-0.04200331728813922
-0.04225959460188457
-0.042517295126718535
-0.042776425261783685
-0.043036991417226514
-0.043299000013959116
-0.04356245748341631
-0.04382737026730824
-0.044093744817368344
-0.04436158759509664
-0.04463090507149832
-0.04490170372681756
-0.04517399005026646
-0.0454477705397491
-0.045723051701580676
-0.0459998400502016
-0.04627814210788647
-0.04655796440444806
-0.04683931347693593
-0.04712219586932994
-0.047406618132228365
-0.04769258682253067
-0.04798010850311484
-0.048269189742509176
-0.04855983711455862
-0.048852057198085316
-0.04914585657654364
-0.04944124183766931
-0.04973821957312281
-0.05003679637812684
-0.05033697885109784
-0.0506387735932715
-0.05094218720832217
-0.05124722630197609
-0.05155389748161844
-0.051862207355894044
-0.05217216253430177
-0.05248376962678236
-0.05279703524329996
-0.053111965993416846
-0.05342856848586165
-0.05374684932809082
-0.05406681512584323
-0.05438847248268796
-0.05471182799956517
-0.055036888274319844
-0.055363659901228504
-0.055692149470518745
-0.056022363567881504
-0.05635430877397598
-0.056687991663927184
-0.057023418806815954
-0.057360596765161455
-0.05769953209439599
-0.058040231342332035
-0.058382701048621664
-0.05872694774420778
-0.05907297795076764
-0.05942079818014819
-0.059770414933793266
-0.060121834702162605
-0.06047506396414254
-0.06083010918644828
-0.06118697682301773
-0.061545673314396705
-0.061906205087115626
-0.06226857855305719
-0.06263280010881558
-0.06299887613504644
-0.06336681299580804
-0.06373661703789321
-0.06410829459015223
-0.06448185196280629
-0.06485729544675166
-0.06523463131285445
-0.06561386581123568
-0.06599500517054682
-0.06637805559723549
-0.06676302327480145
-0.06714991436304252
-0.06753873499729053
-0.06792949128763726
-0.0683221893181499
-0.06871683514607645
-0.0691134348010406
-0.06951199428422604
-0.06991251956755032
-0.07031501659282778
-0.0707194912709219
-0.07112594948088659
-0.07153439706909649
-0.07194483984836623
-0.07235728359705841
-0.07277173405818028
-0.07318819693846904
-0.07360667790746553
-0.07402718259657642
-0.07444971659812465
-0.07487428546438782
-0.07530089470662506
-0.07572954979409147
-0.07616025615304062
-0.07659301916571475
-0.07702784416932262
-0.07746473645500486
-0.0779037012667868
-0.07834474380051865
-0.07878786920280267
-0.07923308256990785
-0.07968038894667119
-0.08012979332538613
-0.08058130064467758
-0.08103491578836383
-0.08149064358430481
-0.08194848880323691
-0.08240845615759418
-0.08287055030031565
-0.08333477582363887
-0.08380113725787942
-0.08426963907019641
-0.08474028566334346
-0.0852130813744059
-0.08568803047352302
-0.08616513716259605
-0.08664440557398144
-0.08712583976916934
-0.08760944373744724
-0.08809522139454866
-0.08858317658128659
-0.08907331306217192
-0.08956563452401645
-0.09006014457452033
-0.09055684674084434
-0.09105574446816608
-0.09155684111822068
-0.09206013996782554
-0.09256564420738907
-0.09307335693940336
-0.09358328117692068
-0.0940954198420136
-0.0946097757642186
-0.09512635167896348
-0.09564515022597773
-0.09616617394768633
-0.0966894252875867
-0.09721490658860875
-0.0977426200914576
-0.09827256793293936
-0.09880475214426955
-0.09933917464936416
-0.09987583726311305
-0.10041474168963596
-0.10095588952052068
-0.10149928223304341
-0.10204492118837137
-0.10259280762974712
-0.10314294268065496
-0.10369532734296909
-0.10424996249508339
-0.10480684889002284
-0.10536598715353647
-0.10592737778217153
-0.1064910211413291
-0.10705691746330095
-0.10762506684528743
-0.10819546924739627
-0.1087681244906225
-0.10934303225480912
-0.10992019207658857
-0.11049960334730469
-0.11108126531091554
-0.11166517706187645
-0.11225133754300362
-0.11283974554331806
-0.11343039969586968
-0.11402329847554164
-0.11461844019683479
-0.11521582301163207
-0.11581544490694295
-0.11641730370262769
-0.11702139704910136
-0.11762772242501782
-0.11823627713493304
-0.11884705830694837
-0.11946006289033322
-0.12007528765312712
-0.12069272917972154
-0.12131238386842075
-0.12193424792898225
-0.12255831738013641
-0.12318458804708542
-0.1238130555589813
-0.12444371534638321
-0.1250765626386939
-0.12571159246157504
-0.12634879963434192
-0.12698817876733692
-0.12762972425928204
-0.1282734302946106
-0.12891929084077752
-0.12956729964554903
-0.13021745023427087
-0.1308697359071156
-0.13152414973630888
-0.13218068456333468
-0.1328393329961191
-0.13350008740619357
-0.13416293992583656
-0.13482788244519459
-0.13549490660938182
-0.13616400381555901
-0.13683516520999126
-0.13750838168508464
-0.13818364387640236
-0.13886094215965952
-0.1395402666476974
-0.14022160718743662
-0.14090495335680991
-0.14159029446167393
-0.14227761953270035
-0.14296691732224684
-0.143658176301207
-0.1443513846558404
-0.14504653028458175
-0.14574360079483026
-0.14644258349971873
-0.14714346541486245
-0.14784623325508833
-0.14855087343114406
-0.14925737204638775
-0.1499657148934576
-0.15067588745092264
-0.15138787487991365
-0.1521016620207351
-0.15281723338945818
-0.15353457317449465
-0.15425366523315226
-0.15497449308817127
-0.15569703992424308
-0.15642128858451024
-0.15714722156704852
-0.15787482102133144
-0.15860406874467686
-0.1593349461786764
-0.1600674344056076
-0.1608015141448291
-0.1615371657491592
-0.16227436920123794
-0.16301310410987285
-0.16375334970636893
-0.1644950848408426
-0.16523828797852097
-0.1659829371960249
-0.16672901017763817
-0.1674764842115617
-0.16822533618615365
-0.16897554258615544
-0.16972707948890445
-0.1704799225605334
-0.17123404705215683
-0.17198942779604504
-0.17274603920178577
-0.1735038552524345
-0.1742628495006528
-0.17502299506483618
-0.17578426462523097
-0.17654663042004137
-0.1773100642415264
-0.17807453743208793
-0.1788400208803495
-0.1796064850172271
-0.1803738998119916
-0.18114223476832422
-0.18191145892036464
-0.18268154082875301
-0.1834524485766657
-0.18422414976584592
-0.18499661151262933
-0.18576980044396543
-0.18654368269343516
-0.18731822389726532
-0.1880933891903403
-0.18886914320221218
-0.18964545005310887
-0.19042227334994213
-0.19119957618231495
-0.19197732111852975
-0.19275547020159764
-0.19353398494524968
-0.1943128263299504
-0.19509195479891492
-0.19587133025412976
-0.1966509120523784
-0.1974306590012724
-0.1982105293552884
-0.19899048081181225
-0.1997704705071909
-0.20055045501279264
-0.20133039033107675
-0.20211023189167307
-0.20288993454747292
-0.20366945257073144
-0.20444873964918278
-0.20522774888216871
-0.20600643277678188
-0.20678474324402404
-0.20756263159498087
-0.2083400485370136
-0.20911694416996923
-0.2098932679824092
-0.2106689688478587
-0.21144399502107658
-0.21221829413434737
-0.21299181319379656
-0.2137644985757296
-0.21453629602299634
-0.21530715064138137
-0.21607700689602163
-0.2168458086078525
-0.2176134989500832
-0.21838002044470264
-0.21914531495901712
-0.2199093237022205
-0.22067198722199866
-0.2214332454011689
-0.22219303745435584
-0.22295130192470416
-0.22370797668063125
-0.2244629989126184
-0.22521630513004423
-0.22596783115806
-0.22671751213450878
-0.22746528250688947
-0.2282110760293672
-0.2289548257598311
-0.22969646405700128
-0.23043592257758552
-0.2311731322734879
-0.23190802338907016
-0.23264052545846728
-0.23337056730295883
-0.2340980770283974
-0.234822982022695
-0.23554520895336997
-0.23626468376515472
-0.23698133167766622
-0.237695077183141
-0.2384058440442351
-0.2391135552918919
-0.23981813322327772
-0.24051949939978826
-0.24121757464512592
-0.24191227904345042
-0.24260353193760428
-0.24329125192741394
-0.24397535686806884
-0.2446557638685795
-0.24533238929031645
-0.2460051487456313
-0.24667395709656198
-0.24733872845362292
-0.2479993761746827
-0.24865581286393
-0.24930795037092984
-0.24995569978977158
-0.2505989714583103
-0.25123767495750304
-0.25187171911084194
-0.2525010119838852
-0.253125460883888
-0.2537449723595351
-0.25435945220077577
-0.2549688054387647
-0.25557293634590744
-0.2561717484360154
-0.25676514446456916
-0.25735302642909397
-0.25793529556964706
-0.25851185236941987
-0.25908259655545657
-0.2596474270994893
-0.2602062422188935
-0.2607589393777638
-0.261305415288112
-0.26184556591118974
-0.2623792864589361
-0.2629064713955532
-0.26342701443920935
-0.26394080856387425
-0.26444774600128423
-0.2649477182430426
-0.2654406160428537
-0.2659263294188942
-0.2664047476563225
-0.26687575930992674
-0.2673392522069151
-0.2677951134498477
-0.26824322941971246
-0.2686834857791472
-0.26911576747580757
-0.2695399587458835
-0.269955943117766
-0.2703636034158637
-0.2707628217645728
-0.2711534795924003
-0.27153545763624226
-0.2719086359458182
-0.2722728938882634
-0.2726281101528798
-0.2729741627560469
-0.27331092904629395
-0.2736382857095345
-0.2739561087744645
-0.274264273618125
-0.2745626549716305
-0.274851126926064
-0.27512956293854046
-0.27539783583843774
-0.27565581783379867
-0.2759033805179029
-0.27614039487601044
-0.27636673129227757
-0.27658225955684634
-0.2767868488731073
-0.2769803678651374
-0.27716268458531346
-0.2773336665221011
-0.2774931806080209
-0.2776410932277913
-0.27777727022664983
-0.2779015769188521
-0.27801387809634964
-0.27811403803764706
-0.2782019205168383
-0.2782773888128225
-0.2783403057187007
-0.27839053355135174
-0.2784279341611888
-0.2784523689420965
-0.2784636988415488
-0.2784617843709065
-0.278446485615896
-0.278417662247268
-0.27837517353163604
-0.2783188783424958
-0.2782486351714228
-0.2781643021394508
-0.2780657370086278
-0.277952797193751
-0.2778253397742801
-0.27768322150642705
-0.27752629883542285
-0.2773544279079606
-0.27716746458481356
-0.27696526445362724
-0.27674768284188533
-0.2765145748300484
-0.2762657952648631
-0.2760011987728431
-0.2757206397739182
-0.2754239724952517
-0.2751110509852249
-0.27478172912758675
-0.27443586065576675
-0.2740732991673516
-0.27369389813872147
-0.2732975109398462
-0.2728839908492388
-0.2724531910690647
-0.2720049647404048
-0.2715391649586709
-0.27105564478917027
-0.27055425728281923
-0.27003485549200157
-0.269497292486571
-0.2689414213699951
-0.26836709529563774
-0.2677741674831784
-0.2671624912351655
-0.266531919953701
-0.2658823071572543
-0.265213506497602
-0.26452537177689095
-0.26381775696482235
-0.26309051621595275
-0.2623435038871106
-0.2615765745549234
-0.2607895830334544
-0.25998238439194354
-0.2591548339726514
-0.25830678740880086
-0.2574381006426152
-0.25654862994344685
-0.25563823192599544
-0.25470676356861005
-0.2537540822316725
-0.25278004567605866
-0.2517845120816721
-0.25076734006604884
-0.24972838870302688
-0.2486675175414781
-0.24758458662409769
-0.24647945650624764
-0.24535198827484958
-0.24420204356732286
-0.2430294845905643
-0.24183417413996425
-0.24061597561845527
-0.2393747530555891
-0.23811037112663694
-0.2368226951717089
-0.23551159121488813
-0.23417692598337467
-0.23281856692663463
-0.23143638223555024
-0.23003024086156537
-0.22860001253582235
-0.22714556778828515
-0.22566677796684378
-0.22416351525639552
-0.2226356526978977
-0.22108306420738705
-0.2195056245949611
-0.21790320958371612
-0.21627569582863682
-0.21462296093543276
-0.2129448834793165
-0.21124134302371803
-0.20951222013893075
-0.20775739642068394
-0.20597675450863606
-0.20417017810478447
-0.20233755199178557
-0.20047876205118118
-0.19859369528152512
-0.19668223981640537
-0.1947442849423563
-0.19277972111665606
-0.19078843998500403
-0.1887703343990727
-0.18672529843392946
-0.18465322740532264
-0.18255401788682704
-0.18042756772684385
-0.17827377606544925
-0.1760925433510878
-0.17388377135710426
-0.17164736319810991
-0.16938322334617767
-0.16709125764686136
-0.16477137333503422
-0.16242347905054172
-0.1600474848536636
-0.15764330224038067
-0.15521084415744146
-0.15275002501722384
-0.15026076071238723
-0.14774296863031036
-0.14519656766731057
-0.14262147824263927
-0.14001762231225015
-0.13738492338233468
-0.13472330652262138
-0.13203269837943385
-0.12931302718850407
-0.12656422278753618
-0.12378621662851684
-0.12097894178976831
-0.11814233298774014
-0.11527632658853555
-0.11238086061916895
-0.10945587477855048
-0.10650131044819423
-0.10351711070264663
-0.10050322031963116
-0.09745958578990653
-0.09438615532683446
-0.09128287887565431
-0.08814970812246124
-0.08498659650288491
-0.08179349921046565
-0.07857037320472567
-0.07531717721893205
-0.07203387176754937
-0.06872041915337891
-0.06537678347438275
-0.06200293063018954
-0.05859882832828047
-0.0551644460898529
-0.05169975525535985
-0.048204728989723285
-0.04467934228721963
-0.04112357197603555
-0.03753739672249274
-0.03392079703494002
-0.030273755267311523
-0.02659625562234974
-0.02288828415449225
-0.01914982877242125
-0.015380879241274863
-0.011581427184519575
-0.007751466085483118
-0.0038909912885472407
0
0.003921508711452759
0.007873533914516883
0.011856072815480427
0.01586912075872514
0.019912671227578747
0.02398671584550775
0.028091244377650263
0.032226244732688474
0.03639170296505998
0.04058760327750726
0.04481392802396445
0.04907065771278037
0.05335777101027672
0.057675244744640156
0.062023053910147105
0.06640117167171954
0.07080956936981046
0.07524821652561725
0.07971708084662109
0.08421612823245064
0.08874532278106795
0.09330462679527433
0.09789400078953435
0.1025134034971151
0.10716279187753876
0.1118421211243457
0.11655134467316554
0.12129041421009347
0.12605927968036884
0.1308578892973534
0.13568618955180578
0.14054412522144952
0.14543163938083103
0.15034867341146446
0.15529516701225987
0.1602710582102317
0.16527628337148315
0.17031077721246382
0.17537447281149593
0.18046730162056618
0.18558919347737862
0.19074007661766532
0.19591987768774985
0.20112852175736073
0.20636593233268943
0.21163203136968964
0.21692673928761277
0.22224997498277618
0.22760165584255854
0.23298169775961933
0.2383900151463364
0.24382652094945828
0.24929112666496578
0.25478374235313866
0.2603042766538224
0.2658526368018901
0.27142872864289574
0.2770324566489122
0.28266372393455075
0.2883224322731561
0.294008482113173
0.29972177259467736
0.30546220156607057
0.3112296656009273
0.31702406001499595
0.3228452788833439
0.3286932150576437
0.33456776018359463
0.34046880471847485
0.34639623794881885
0.35234994800821445
0.3583298218952155
0.3643357454913639
0.3703676035793161
0.3764252798610693
0.382508656976282
0.3886176165206835
0.39475203906456724
0.40091180417136324
0.4070967904162839
0.4133068754050389
0.41954193579261295
0.42580184730210235
0.4320864847436045
0.43839572203315624
0.44472943221171485
0.45108748746417765
0.45746975913843463
0.4638761177644497
0.4703064330733654
0.47676057401662536
0.4832384087851119
0.4897398048282911
0.49626462887336303
0.5028127469444109
0.5093840243815447
0.5159783258600358
0.5225955154094356
0.5292354564326771
0.5358980117251504
0.5425830434937523
0.5492904133759022
0.5560199824585219
0.5627716112969732
0.5695451599339512
0.5763404879183279
0.5831574543239414
0.5899959177683275
0.5968557364313899
0.6037367680740046
0.6106388700565532
0.6175618993573848
0.6245057125911991
0.6314701660273486
0.6384551156080566
0.6454604169665457
0.6524859254450767
0.6595314961128894
0.6665969837840472
0.6736822430351777
0.6807871282231089
0.687911493502398
0.6950551928427456
0.7022180800462989
0.7094000087648346
0.7166008325168216
0.7238204047043622
0.7310585786300049
0.738315207513429
0.7455901445079984
0.7528832427171808
0.7601943552108298
0.7675233350413291
0.7748700352595952
0.7822343089309354
0.7896160091507612
0.7970149890601538
0.8044311018612785
0.8118642008326484
0.8193141393442332
0.8267807708724133
0.8342639490147751
0.8417635275047484
0.8492793602260819
0.856811301227157
0.8643592047351368
0.8719229251699516
0.8795023171581147
0.8870972355463728
0.8947075354151864
0.9023330720920394
0.9099737011645771
0.917629278493573
0.9252996602257199
0.932984702806249
0.9406842629913722
0.9483981978605492
0.9561263648285773
0.9638686216575042
0.9716248264683639
0.9793948377527321
0.9871785143841039
0.9949757156290935
1.0027863011584512
1.0106101310579034
1.0184470658388112
1.0262969664486483
1.0341596942812992
1.0420351111871775
1.0499230794831618
1.057823461962353
1.0657361219036503
1.073660923081148
1.0815977297733501
1.0895464067722087
1.097506819391979
1.1054788334778989
1.1134623154146865
1.1214571321348625
1.1294631511268929
1.1374802404431537
1.1455082687077225
1.1535471051239896
1.1615966194820972
1.1696566821662013
1.1777271641615623
1.1858079370614596
1.1938988730739362
1.2019998450283695
1.2101107263818751
1.2182313912255354
1.2263617142904655
1.2345015709537062
1.242650837243953
1.2508093898471202
1.2589771061117367
1.2671538640541817
1.2753395423637577
1.2835340204075998
1.2917371782354272
1.2999488965841364
1.308169056882234
1.3163975412541167
1.3246342325241924
1.3328790142208526
1.3411317705802877
1.3493923865501523
1.3576607477930849
1.3659367406900733
1.3742202523436775
1.3825111705811057
1.3908093839571463
1.3991147817569574
1.4074272539987156
1.4157466914361259
1.4240729855607908
1.4324060286044469
1.440745713541064
1.4490919340888102
1.457444584711888
1.4658035606222364
1.4741687577811065
1.4825400729005107
1.4909174034445436
1.4993006476305801
1.507689704430353
1.516084473570906
1.5244848555354307
1.5328907515639847
1.5413020636540924
1.5497186945612351
1.558140547799224
1.5665675276404651
1.574999539116112
1.583436488016115
1.591878280889158
1.6003248250424968
1.6087760285416899
1.6172318002102284
1.62569204962907
1.63415668713607
1.6426256238253174
1.6510987715463772
1.659576042903438
1.6680573512543686
1.6765426107096837
1.6850317361314204
1.6935246431319313
1.702021248072586
1.7105214680623957
1.7190252209565495
1.7275324253548738
1.7360430006002117
1.7445568667767222
1.753073944708108
1.7615941559557646
1.770117422816859
1.778643668322334
1.7871728162348453
1.79570479104663
1.804239517977305
1.8127769229716026
1.821316932697041
1.8298594745415329
1.8384044766109298
1.8469518677265122
1.8555015774224146
1.8640535359429986
1.8726076742401687
1.8811639239706328
1.8897222174931105
1.8982824878654911
1.9068446688419403
1.9154086948699556
1.9239745010873814
1.9325420233193689
1.9411111980752958
1.949681962545644
1.9582542545988313
1.9668280127780016
1.9754031762977795
1.9839796850409828
1.9925574795552976
2.001136501049917
2.0097166913921476
2.018297993103978
2.0268803493586183
2.035463703977004
2.04404800142427
2.052633186806203
2.0612192058656524
2.0698060049789233
2.078393531152141
2.0869817320175907
2.095570555830031
2.1041599514629863
2.112749868405019
2.1213402567559756
2.129931067223218
2.1385222511178315
2.1471137603508175
2.155705547429269
2.164297565452527
2.172889768108327
2.181482109668923
2.190074544987207
2.1986670294928095
2.2072595191881876
2.2158519706447115
2.2244443409987276
2.2330365879476215
2.2416286697458703
2.250220545201085
2.2588121736700497
2.2674035150547502
2.2759945297984023
2.28458517888147
2.2931754238176847
2.301765226650058
2.3103545499468914
2.3189433567977877
2.3275316108096598
2.336119276102735
2.344706317306565
2.3532926995560346
2.3618783884873706
2.370463350234154
2.3790475514233345
2.387630959171247
2.3962135410796357
2.4047952652316757
2.4133761001880085
2.421956014982773
2.4305349791196504
2.4391129625679118
2.447689935758474
2.456265869579959
2.464840735374769
2.473414504935164
2.481987150499347
2.4905586447475656
2.4991289607982146
2.507698072203955
2.516265952947843
2.5248325774394664
2.5333979205110957
2.541961957413845
2.5505246638138463
2.559086015788438
2.567645989822362
2.5762045628039756
2.584761712021479
2.5933174151591576
2.601871650293631
2.6104243958901274
2.6189756307987624
2.627525334250841
2.6360734858551713
2.6446200655943923
2.6531650538213234
2.661708431255323
2.6702501789786686
2.6787902784329516
2.68732871141549
2.695865460075757
2.7044005069118286
2.7129338347668477
2.721465426825505
2.729995266610542
2.7385233379792653
2.7470496251200864
2.755574112549077
2.7640967851065423
2.772617627953612
2.7811366265688555
2.7896537667449115
2.7981690345851375
2.8066824165002813
2.8151938992051693
2.823703469715418
2.8322111153441596
2.8407168236987927
2.8492205826777535
2.8577223804672998
2.866222205538326
2.87472004664319
2.8832158928125637
2.891709733352303
2.9002015578403406
2.908691356123598
2.917179118314915
2.9256648347900085
2.934148496184441
2.942630093390618
2.9511096175548057
2.9595870600741634
2.9680624125938064
2.9765356670038807
2.9850068154366656
2.993475850263691
3.001942764092884
3.010407549765729
3.018870200354451
3.027330709159222
3.0357890697053893
3.0442452757407183
3.052699321232663
3.0611512003656585
3.069600907538425
3.078048437361306
3.0864937846536167
3.094936944441019
3.1033779119529146
3.111816682619864
3.1202532520710173
3.1286876161315793
3.1371197708202785
3.145549712346873
3.153977437109667
3.1624029416930517
3.1708262228650668
3.1792472775749823
3.1876661029508986
3.1960826962973723
3.204497055093057
3.2129091769883678
3.2213190598031654
3.229726701524458
3.2381321003041306
3.2465352544566817
3.254936162456996
3.2633348229381234
3.2717312346890846
3.280125396652695
3.2885173079234113
3.296906967745191
3.3052943755093773
3.3136795307526037
3.3220624331547124
3.330443082536699
3.3388214788586708
3.347197622217829
3.3555715128464634
3.3639431511099773
3.3723125375049166
3.3806796726570307
3.389044557319345
3.3974071923702525
3.4057675788116284
3.414125717766957
3.4224816104794793
3.4308352583103643
3.4391866627368874
3.4475358253506356
3.45588274785573
3.4642274320670605
3.4725698799085425
3.4809100934113912
3.4892480747124135
3.4975838260523133
3.5059173497740224
3.5142486483210362
3.5225777242357816
3.530904580157986
3.5392292188230794
3.5475516430605967
3.555871855792611
3.564189860032174
3.5725056588817794
3.580819255531834
3.5891306532591556
3.59743985542548
3.6057468654759837
3.6140516869378283
3.622354323418713
3.6306547786054515
3.638953056262553
3.647249160230831
3.6555430944260188
3.663834862837404
3.672124469526477
3.6804119186255946
3.6886972143366563
3.6969803609298038
3.705261362742121
3.7135402241763615
3.7218169496996847
3.730091543842406
3.7383640111967633
3.746634356415695
3.7549025842116364
3.763168699355322
3.7714327066746143
3.7796946110533285
3.7879544174300923
3.7962121307971968
3.8044677561994815
3.812721298733213
3.8209727635449955
3.8292221558306774
3.8374694808342853
3.845714743846959
3.8539579502059085
3.8621991052933753
3.8704382145356124
3.8786752834018756
3.8869103174034234
3.895143322092535
3.9033743030615313
3.911603265941819
3.9198302164029415
3.928055160151634
3.9362781029309035
3.944499050519113
3.952718008729078
3.9609349834071725
3.9691499804324493
3.9773630057157745
3.9855740651989593
3.993783164853923
4.00199031068185
4.010195508712363
4.0183987650027095
4.026600085636957
4.0347994767251985
4.0429969444027645
4.051192494829453
4.059386134188764
4.067577868687145
4.0757677045532485
4.083955648037193
4.092141705409848
4.100325882962107
4.108508187004191
4.116688623864953
4.1248671998911846
4.1330439214469425
4.141218794912885
4.149391826685604
4.157563023176982
4.165732390813552
4.173899936035857
4.182065665297837
4.190229585066207
4.198391701819852
4.206552022049232
4.214710552255792
4.222867298951378
4.231022268657668
4.2391754679056035
4.247326903234838
4.255476581193184
4.263624508336073
4.271770691226024
4.279915136432118
4.288057850529482
4.296198840098771
4.304338111725681
4.312475672000434
4.320611527517312
4.328745684874157
4.336878150671909
4.345008931514138
4.353138034006583
4.3612654647567
4.369391230373218
4.377515337465698
4.385637792644106
4.393758602518382
4.401877773698025
4.409995312791677
4.418111226406728
4.426225521148902
4.4343382036218735
4.442449280426877
4.450558758162331
4.458666643423457
4.466772942801915
4.474877662885441
4.482980810257491
4.491082391496885
4.499182413177469
4.507280881867771
4.5153778041306705
4.523473186523065
4.531567035595552
4.539659357892114
4.547750159949798
4.5558394482984195
4.563927229460251
4.572013509949733
4.580098296273182
4.588181594928502
4.5962634124049035
4.604343755182631
4.612422629732691
4.620500042516583
4.62857599998604
4.636650508582773
4.644723574738216
4.652795204873281
4.660865405398115
4.668934182711861
4.677001543202422
4.685067493246237
4.69313203920805
4.701195187440693
4.709256944284868
4.717317316068933
4.725376309108696
4.733433929707211
4.741490184154577
4.749545078727739
4.7575986196903015
4.765650813292334
4.773701665770193
4.781751183346334
4.789799372229142
4.797846238612753
4.805891788676883
4.81393602858667
4.821978964492501
4.830020602529863
4.838060948819179
4.846100009465664
4.854137790559168
4.862174298174039
4.870209538368972
4.87824351718688
4.886276240654752
4.89430771478352
4.9023379455679335
4.910366938986432
4.918394701001023
4.926421237557156
4.934446554583616
4.942470657992399
4.950493553678608
4.958515247520337
4.966535745378576
4.974555053097096
4.9825731765023615
4.990590121403421
4.998605893591821
5.00662049884151
5.014633942908751
5.022646231532031
5.030657370431982
5.038667365311294
5.046676221854642
5.054683945728598
5.06269054258157
5.0706960180437175
5.078700377726892
5.086703627224562
5.09470577211175
5.102706817944972
5.110706770262168
5.118705634582659
5.126703416407072
5.134700121217301
5.142695754476442
5.150690321628753
5.158683828099603
5.166676279295417
5.174667680603644
5.182658037392709
5.190647355011972
5.198635638791687
5.206622894042973
5.2146091260577725
5.222594340108818
5.230578541449607
5.238561735314364
5.24654392691802
5.254525121456179
5.262505324105101
5.270484540021674
5.278462774343398
5.286440032188351
5.294416318655195
5.302391638823136
5.310365997751923
5.31833940048183
5.326311852033641
5.334283357408649
5.342253921588633
5.350223549535864
5.358192246193086
5.366160016483525
5.37412686531087
5.382092797559283
5.39005781809339
5.398021931758287
5.40598514337954
5.413947457763184
5.421908879695728
5.429869413944166
5.437829065255978
5.445787838359138
5.453745737962123
5.461702768753925
5.469658935404058
5.477614242562572
5.485568694860067
5.493522296907708
5.501475053297234
5.509426968600983
5.517378047371901
5.525328294143565
5.533277713430202
5.541226309726705
5.5491740875086615
5.557121051232365
5.5650672053348496
5.573012554233903
5.580957102328095
5.588900853996807
5.596843813600255
5.604785985479512
5.612727373956544
5.6206679833342355
5.628607817896413
5.636546881907887
5.644485179614473
5.652422715243026
5.660359493001477
5.668295517078858
5.676230791645341
5.684165320852277
5.69209910883222
5.700032159698972
5.707964477547614
5.715896066454548
5.72382693047753
5.73175707365571
5.739686500009672
5.74761521354147
5.755543218234676
5.763470518054409
5.7713971169473846
5.779323018841955
5.787248227648149
5.795172747257719
5.8030965815441755
5.81101973436284
5.818942209550887
5.826864010927385
5.834785142293343
5.842705607431761
5.850625410107665
5.858544554068164
5.8664630430424936
5.874380880742061
5.882298070860495
5.890214617073688
5.898130523039857
5.9060457923995795
5.913960428775849
5.921874435774123
5.929787816982372
5.937700575971132
5.945612716293551
5.953524241485446
5.961435155065343
5.969345460534544
5.977255161377164
5.985164261060192
5.993072763033536
6.000980670730086
6.008887987565752
6.016794716939534
6.024700862233562
6.0326064268131505
6.04051141402686
6.048415827206548
6.056319669667415
6.064222944708072
6.072125655610583
6.080027805640529
6.087929398047055
6.095830436062931
6.103730922904606
6.111630861772261
6.119530255849866
6.127429108305238
6.135327422290091
6.1432252009400985
6.151122447374947
6.159019164698389
6.166915355998306
6.174811024346761
6.182706172800053
6.19060080439878
6.198494922167889
6.206388529116737
6.21428162823915
6.222174222513473
6.230066314902636
6.237957908354203
6.245849005800435
6.253739610158344
6.261629724329755
6.269519351201358
6.277408493644769
6.285297154516585
6.293185336658449
6.301073042897096
6.308960276044419
6.316847038897525
6.324733334238794
6.332619164835932
6.340504533442034
6.348389442795641
6.356273895620795
6.364157894627101
6.3720414425097776
6.379924541949728
6.387807195613582
6.395689406153765
6.403571176208553
6.411452508402129
6.419333405344641
6.427213869632263
6.435093903847246
6.442973510557982
6.450852692319061
6.458731451671325
6.466609791141929
6.474487713244395
6.482365220478679
6.490242315331209
6.4981190002749685
6.505995277769531
6.513871150261128
6.521746620182707
6.529621689953986
6.537496361981507
6.545370638658704
6.553244522365944
6.561118015470602
6.568991120327102
6.576863839276983
6.584736174648953
6.592608128758946
6.600479703910177
6.6083509023932
6.616221726485962
6.624092178453866
6.631962260549817
6.639831975014284
6.647701324075359
6.655570309948802
6.663438934838109
6.671307200934564
6.679175110417284
6.6870426654532915
6.694909868197558
6.702776720793061
6.710643225370846
6.718509384050067
6.726375198938061
6.734240672130382
6.742105805710875
6.749970601751713
6.757835062313465
6.765699189445141
6.773562985184251
6.7814264515568565
6.789289590577629
6.797152404249895
6.8050148945657005
6.812877063505852
6.820738913039984
6.828600445126595
6.836461661713118
6.844322564735961
6.852183156120566
6.860043437781463
6.867903411622311
6.875763079535964
6.883622443404517
6.891481505099356
6.8993402664812145
6.907198729400226
6.915056895695968
6.9229147671975175
6.930772345723508
6.93862963308217
6.946486631071393
6.954343341478764
6.962199766081631
6.970055906647143
6.977911764932307
6.985767342684035
6.993622641639196
7.001477663524662
7.009332410057365
7.017186882944336
7.025041083882765
7.032895014560044
7.040748676653819
7.0486020718320335
7.056455201752987
7.0643080680653725
7.072160672408335
7.080013016411508
7.087865101695078
7.095716929869815
7.103568502537134
7.111419821289131
7.119270887708642
7.12712170336928
7.1349722698354885
7.142822588662589
7.150672661396819
7.158522489575391
7.166372074726528
7.17422141836952
7.182070522014757
7.189919387163788
7.197768015309362
7.205616407935467
7.213464566517386
7.221312492521737
7.2291601874065154
7.237007652621146
7.244854889606521
7.252701899795046
7.260548684610691
7.268395245469021
7.276241583777255
7.2840877009342995
7.291933598330797
7.2997792773491685
7.307624739363657
7.315469985740368
7.323315017837315
7.331159837004464
7.339004444583777
7.346848841909245
7.354693030306938
7.362537011095054
7.370380785583943
7.378224355076166
7.386067720866526
7.393910884242117
7.401753846482355
7.409596608859032
7.417439172636345
7.42528153907095
7.433123709411983
7.440965684901122
7.4488074667726165
7.456649056253324
7.464490454562758
7.472331662913124
7.480172682509358
7.488013514549167
7.4958541602230735
7.503694620714441
7.51153489719953
7.519374990847523
7.527214902820572
7.535054634273828
7.54289418635549
7.550733560206834
7.558572756962256
7.566411777749311
7.574250623688741
7.582089295894524
7.589927795473906
7.597766123527436
7.6056042811490085
7.613442269425895
7.621280089438786
7.629117742261817
7.636955228962618
7.644792550602343
7.652629708235704
7.660466702911008
7.668303535670199
7.676140207548882
7.683976719576368
7.6918130727757035
7.699649268163708
7.70748530675101
7.715321189542075
7.723156917535249
7.730992491722789
7.73882791309089
7.746663182619734
7.75449830128351
7.762333270050454
7.770168089882885
7.778002761737227
7.785837286564058
7.793671665308129
7.80150589890841
7.809339988298109
7.817173934404713
7.825007738150019
7.8328414004501665
7.840674922215667
7.848508304351441
7.856341547756841
7.864174653325696
7.872007621946328
7.879840454501599
7.887673151868926
7.895505714920325
7.9033381445224355
7.911170441536555
7.919002606818664
7.926834641219458
7.934666545584388
7.942498320753673
7.950329967562345
7.958161486840266
7.965992879412174
7.973824146097693
7.981655287711379
7.989486305062739
7.997317198956269
8.00514797019147
8.012978619562888
8.020809147860142
8.028639555867944
8.036469844366138
8.044300014129718
8.052130065928864
8.05996000052897
8.067789818690661
8.075619521169836
8.083449108717685
8.091278582080719
8.0991079420008
8.10693718921516
8.11476632445644
8.122595348452707
8.130424261927484
8.13825306559978
8.146081760184114
8.153910346390527
8.161738824924639
8.16956719648765
8.17739546177637
8.185223621483253
8.193051676296415
8.200879626899665
8.208707473972522
8.21653521819025
8.224362860223879
8.232190400740228
8.240017840401931
8.247845179867461
8.255672419791157
8.26349956082325
8.27132660360988
8.279153548793124
8.286980397011027
8.294807148897608
8.302633805082907
8.310460366192988
8.31828683284998
8.326113205672081
8.3339394852736
8.34176567226497
8.349591767252772
8.35741777083976
8.365243683624882
8.373069506203308
8.38089523916644
8.388720883101948
8.396546438593786
8.404371906222213
8.41219728656382
8.420022580191548
8.42784778767471
8.43567290957901
8.443497946466575
8.451322898895965
8.4591477674222
8.46697255259678
8.474797254967704
8.482621875079502
8.490446413473233
8.49827087068653
8.50609524725361
8.51391954370529
8.52174376056902
8.529567898368885
8.537391957625646
8.54521593885675
8.55303984257634
8.560863669295298
8.56868741952124
8.57651109375856
8.584334692508424
8.592158216268814
8.599981665534527
8.60780504079721
8.615628342545365
8.623451571264384
8.631274727436551
8.639097811541074
8.646920824054096
8.65474376544872
8.662566636195015
8.670389436760058
8.67821216760792
8.686034829199718
8.693857421993606
8.701679946444807
8.709502403005628
8.717324792125478
8.72514711425088
8.732969369825504
8.740791559290164
8.748613683082853
8.756435741638747
8.76425773539023
8.772079664766911
8.77990153019564
8.78772333210052
8.79554507090293
8.80336674702154
8.811188360872325
8.819009912868593
8.826831403420977
8.834652832937476
8.842474201823462
8.850295510481695
8.858116759312336
8.865937948712974
8.873759079078631
8.881580150801776
8.889401164272359
8.897222119877803
8.905043018003035
8.912863859030498
8.920684643340165
8.928505371309548
8.93632604331373
8.94414665972536
8.951967220914689
8.959787727249562
8.967608179095452
8.975428576815462
8.983248920770352
8.991069211318539
8.998889448816124
9.006709633616897
9.014529766072362
9.022349846531739
9.030169875341985
9.037989852847806
9.045809779391682
9.053629655313856
9.061449480952373
9.069269256643082
9.077088982719648
9.084908659513568
9.092728287354191
9.100547866568723
9.108367397482246
9.116186880417716
9.124006315696008
9.131825703635892
9.139645044554076
9.147464338765198
9.155283586581856
9.163102788314603
9.170921944271978
9.178741054760502
9.186560120084705
9.19437914054713
9.202198116448342
9.210017048086955
9.217835935759627
9.225654779761081
9.233473580384123
9.241292337919644
9.249111052656628
9.256929724882186
9.264748354881538
9.27256694293805
9.280385489333236
9.28820399434676
9.29602245825647
9.303840881338386
9.311659263866725
9.319477606113912
9.327295908350589
9.33511417084562
9.342932393866112
9.350750577677427
9.358568722543177
9.366386828725258
9.374204896483842
9.382022926077395
9.389840917762692
9.39765887179482
9.405476788427192
9.413294667911561
9.421112510498027
9.428930316435045
9.436748085969437
9.444565819346407
9.452383516809547
9.460201178600851
9.468018804960712
9.475836396127953
9.483653952339825
9.491471473832009
9.49928896083865
9.507106413592336
9.514923832324138
9.522741217263595
9.530558568638742
9.538375886676109
9.546193171600729
9.554010423636159
9.561827643004477
9.5696448299263
9.577461984620792
9.585279107305665
9.593096198197197
9.600913257510246
9.608730285458241
9.616547282253208
9.624364248105774
9.63218118322517
9.639998087819247
9.647814962094486
9.655631806255997
9.663448620507541
9.671265405051525
9.679082160089024
9.686898885819778
9.694715582442207
9.702532250153418
9.710348889149214
9.718165499624105
9.725982081771305
9.733798635782753
9.741615161849118
9.749431660159804
9.75724813090296
9.765064574265484
9.772880990433045
9.78069737959007
9.788513741919767
9.796330077604127
9.804146386823943
9.811962669758792
9.819778926587073
9.827595157485993
9.835411362631582
9.843227542198708
9.851043696361065
9.858859825291205
9.866675929160529
9.874492008139297
9.882308062396634
9.890124092100551
9.897940097417932
9.905756078514552
9.913572035555086
9.921387968703112
9.92920387812112
9.937019763970515
9.944835626411628
9.952651465603727
9.960467281705013
9.96828307487264
9.976098845262701
9.983914593030264
9.991730318329356
9.999546021312975
10.007361702133105
10.015177360940713
10.022992997885755
10.03080861311719
10.038624206782984
10.046439779030113
10.054255330004572
10.062070859851381
10.069886368714597
10.077701856737301
10.085517324061632
10.09333277082877
10.101148197178956
10.108963603251496
10.116778989184754
10.12459435511618
10.132409701182295
10.140225027518719
10.148040334260152
10.155855621540395
10.16367088949236
10.171486138248063
10.17930136793864
10.187116578694345
10.194931770644558
10.202746943917798
10.210562098641722
10.218377234943125
10.226192352947958
10.234007452781325
10.241822534567497
10.249637598429896
10.257452644491137
10.265267672872993
10.273082683696433
10.28089767708161
10.288712653147869
10.29652761201375
10.30434255379701
10.3121574786146
10.319972386582695
10.327787277816684
10.335602152431187
10.343417010540046
10.351231852256344
10.359046677692398
10.366861486959776
10.374676280169288
10.382491057431007
10.390305818854259
10.39812056454764
10.405935294619008
10.4137500091755
10.421564708323528
10.429379392168796
10.437194060816285
10.445008714370275
10.452823352934344
10.460637976611368
10.468452585503533
10.476267179712337
10.484081759338588
10.491896324482424
10.499710875243297
10.507525411719996
10.515339934010642
10.52315444221269
10.530968936422939
10.53878341673754
10.546597883251987
10.554412336061139
10.562226775259202
10.570041200939759
10.577855613195748
10.585670012119488
10.593484397802673
10.601298770336374
10.609113129811051
10.616927476316548
10.624741809942103
10.632556130776353
10.640370438907333
10.64818473442248
10.65599901740865
10.6638132879521
10.671627546138506
10.679441792052964
10.687256025780002
10.69507024740356
10.702884457007027
10.710698654673216
10.718512840484381
10.726327014522218
10.734141176867876
10.741955327601946
10.749769466804477
10.757583594554973
10.7653977109324
10.773211816015193
10.781025909881246
10.788839992607935
10.796654064272103
10.804468124950072
10.812282174717653
10.820096213650135
10.827910241822302
10.83572425930842
10.843538266182268
10.851352262517109
10.859166248385712
10.866980223860354
10.874794189012825
10.882608143914414
10.89042208863594
10.898236023247732
10.906049947819643
10.913863862421053
10.921677767120865
10.929491661987525
10.937305547088997
10.945119422492796
10.95293328826597
10.960747144475116
10.968560991186376
10.976374828465438
10.98418865637755
10.992002474987506
10.999816284359673
11.007630084557963
11.015443875645865
11.02325765768643
11.031071430742283
11.038885194875617
11.046698950148206
11.054512696621403
11.062326434356136
11.070140163412926
11.07795388385188
11.085767595732687
11.093581299114637
11.101394994056614
11.109208680617103
11.117022358854179
11.124836028825532
11.132649690588458
11.14046334419985
11.148276989716228
11.156090627193715
11.163904256688058
11.171717878254615
11.179531491948374
11.187345097823943
11.195158695935557
11.202972286337085
11.21078586908202
11.218599444223493
11.226413011814277
11.234226571906774
11.242040124553036
11.249853669804752
11.257667207713268
11.265480738329568
11.273294261704288
11.28110777788773
11.288921286929837
11.296734788880215
11.304548283788131
11.312361771702516
11.320175252671968
11.327988726744746
11.335802193968778
11.343615654391675
11.351429108060708
11.35924255502283
11.367055995324675
11.374869429012556
11.382682856132462
11.390496276730076
11.398309690850766
11.406123098539581
11.413936499841272
11.421749894800273
11.429563283460721
11.437376665866449
11.445190042060986
11.453003412087563
11.460816775989114
11.468630133808283
11.476443485587414
11.484256831368567
11.492070171193507
11.49988350510372
11.5076968331404
11.51551015534446
11.52332347175653
11.53113678241697
11.538950087365851
11.546763386642976
11.554576680287868
11.562389968339787
11.570203250837716
11.578016527820372
11.585829799326207
11.59364306539341
11.601456326059903
11.60926958136335
11.61708283134115
11.624896076030456
11.632709315468157
11.64052254969089
11.648335778735042
11.656149002636745
11.663962221431886
11.671775435156102
11.679588643844788
11.687401847533092
11.695215046255923
11.703028240047948
11.710841428943594
11.718654612977051
11.726467792182278
11.73428096659299
11.742094136242684
11.749907301164612
11.757720461391804
11.765533616957061
11.773346767892956
11.781159914231845
11.788973056005847
11.796786193246874
11.804599325986606
11.812412454256513
11.820225578087841
11.828038697511628
11.835851812558692
11.84366492325964
11.851478029644865
11.859291131744556
11.867104229588687
11.87491732320703
11.882730412629149
11.890543497884407
11.898356579001955
11.906169656010755
11.913982728939564
11.921795797816932
11.929608862671223
11.937421923530604
11.94523498042304
11.953048033376307
11.960861082417987
11.968674127575477
11.976487168875979
11.984300206346509
11.992113240013891
11.999926269904773
12.00773929604561
12.015552318462682
12.023365337182076
12.03117835222971
12.038991363631316
12.046804371412449
12.05461737559849
12.062430376214635
12.07024337328592
12.078056366837194
12.085869356893143
12.093682343478278
12.10149532661694
12.109308306333304
12.117121282651373
12.12493425559499
12.132747225187826
12.14056019145339
12.148373154415031
12.156186114095938
12.163999070519127
12.171812023707469
12.17962497368367
12.187437920470272
12.195250864089678
12.203063804564113
12.210876741915671
12.218689676166273
12.226502607337702
12.234315535451577
12.242128460529383
12.249941382592437
12.257754301661924
12.265567217758877
12.273380130904178
12.281193041118566
12.289005948422643
12.29681885283686
12.304631754381527
12.312444653076815
12.320257548942754
12.328070441999238
12.335883332266015
12.343696219762704
12.351509104508784
12.359321986523595
12.36713486582635
12.374947742436122
12.382760616371856
12.390573487652365
12.398386356296323
12.406199222322286
12.414012085748674
12.421824946593778
12.42963780487577
12.437450660612681
12.445263513822434
12.453076364522811
12.46088921273148
12.468702058465986
12.476514901743746
12.484327742582062
12.492140580998107
12.499953417008948
12.507766250631521
12.515579081882644
12.523391910779031
12.531204737337264
12.539017561573816
12.54683038350505
12.554643203147208
12.56245602051642
12.570268835628703
12.578081648499968
12.585894459146008
12.593707267582513
12.601520073825053
12.609332877889102
12.617145679790013
12.62495847954305
12.632771277163348
12.640584072665956
12.648396866065804
12.656209657377728
12.664022446616453
12.671835233796608
12.679648018932712
12.68746080203919
12.695273583130364
12.703086362220452
12.710899139323582
12.718711914453769
12.726524687624941
12.734337458850932
12.74215022814547
12.74996299552219
12.75777576099463
12.765588524576241
12.773401286280372
12.781214046120283
12.789026804109136
12.796839560260011
12.804652314585889
12.812465067099657
12.82027781781412
12.828090566741993
12.835903313895896
12.843716059288363
12.851528802931844
12.859341544838697
12.8671542850212
12.874967023491537
12.882779760261812
12.890592495344041
12.898405228750162
12.90621796049202
12.914030690581388
12.92184341902995
12.929656145849306
12.937468871050982
12.945281594646415
12.953094316646972
12.96090703706393
12.968719755908493
12.976532473191787
12.98434518892486
12.992157903118674
12.999970615784127
13.007783326932035
13.015596036573134
13.023408744718095
13.031221451377503
13.039034156561874
13.046846860281653
13.054659562547208
13.062472263368834
13.070284962756759
13.078097660721127
13.085910357272029
13.093723052419472
13.101535746173393
13.109348438543666
13.117161129540094
13.124973819172405
13.132786507450266
13.140599194383274
13.148411879980959
13.156224564252781
13.164037247208135
13.171849928856355
13.179662609206702
13.187475288268377
13.195287966050516
13.20310064256219
13.210913317812404
13.2187259918101
13.226538664564163
13.234351336083408
13.242164006376598
13.249976675452425
13.25778934331952
13.265602009986457
13.273414675461751
13.281227339753858
13.289040002871168
13.296852664822019
13.304665325614685
13.312477985257388
13.320290643758282
13.328103301125473
13.33591595736701
13.343728612490882
13.35154126650502
13.3593539194173
13.367166571235549
13.37497922196753
13.382791871620961
13.390604520203494
13.398417167722739
13.406229814186243
13.414042459601506
13.42185510397597
13.429667747317032
13.43748038963203
13.445293030928253
13.453105671212937
13.460918310493271
13.468730948776393
13.476543586069386
13.484356222379288
13.492168857713082
13.499981492077707
13.507794125480054
13.515606757926957
13.523419389425214
13.531232019981564
13.539044649602706
13.546857278295288
13.554669906065914
13.56248253292114
13.570295158867468
13.578107783911372
13.585920408059266
13.593733031317521
13.601545653692467
13.609358275190386
13.617170895817521
13.62498351558006
13.632796134484161
13.640608752535929
13.648421369741431
13.656233986106685
13.664046601637674
13.671859216340334
13.679671830220563
13.687484443284212
13.695297055537091
13.70310966698498
13.710922277633605
13.718734887488655
13.726547496555783
13.734360104840597
13.742172712348673
13.749985319085535
13.757797925056684
13.765610530267566
13.773423134723599
13.78123573843016
13.78904834139259
13.796860943616188
13.804673545106219
13.812486145867906
13.820298745906445
13.828111345226981
13.835923943834638
13.843736541734494
13.851549138931592
13.859361735430943
13.86717433123752
13.87498692635626
13.88279952079207
13.89061211454981
13.898424707634327
13.90623730005041
13.914049891802835
13.921862482896326
13.929675073335586
13.937487663125282
13.945300252270046
13.953112840774475
13.960925428643142
13.968738015880579
13.976550602491287
13.984363188479742
13.99217577385038
13.999988358607611
14.007800942755814
14.015613526299331
14.02342610924248
14.031238691589543
14.039051273344779
14.046863854512411
14.054676435096628
14.0624890151016
14.070301594531463
14.078114173390318
14.085926751682246
14.093739329411296
14.101551906581482
14.109364483196803
14.117177059261211
14.124989634778649
14.132802209753022
14.140614784188205
14.148427358088057
14.156239931456392
14.164052504297015
14.171865076613694
14.179677648410172
14.187490219690167
14.195302790457367
14.203115360715438
14.210927930468022
14.218740499718725
14.22655306847114
14.234365636728823
14.242178204495314
14.249990771774124
14.25780333856874
14.26561590488262
14.273428470719207
14.281241036081909
14.289053600974116
14.29686616539919
14.304678729360475
14.312491292861287
14.32030385590492
14.328116418494641
14.3359289806337
14.343741542325319
14.351554103572699
14.359366664379015
14.36717922474743
14.374991784681075
14.382804344183054
14.390616903256465
14.39842946190437
14.406242020129811
14.414054577935817
14.42186713532539
14.429679692301507
14.43749224886713
14.445304805025197
14.453117360778625
14.460929916130313
14.468742471083136
14.476555025639948
14.484367579803584
14.492180133576865
14.499992686962582
14.507805239963512
14.515617792582407
14.52343034482201
14.531242896685033
14.539055448174175
14.546867999292113
14.554680550041507
14.562493100425
14.57030565044521
14.57811820010474
14.585930749406176
14.593743298352084
14.601555846945013
14.609368395187488
14.617180943082024
14.624993490631116
14.632806037837238
14.640618584702846
14.648431131230387
14.656243677422278
14.664056223280934
14.671868768808734
14.679681314008054
14.687493858881254
14.695306403430665
14.703118947658618
14.71093149156741
14.718744035159334
14.72655657843666
14.734369121401647
14.742181664056535
14.749994206403546
14.75780674844489
14.765619290182764
14.77343183161934
14.781244372756781
14.789056913597234
14.796869454142831
14.804681994395686
14.812494534357901
14.820307074031561
14.828119613418735
14.835932152521483
14.843744691341845
14.851557229881852
14.859369768143507
14.867182306128816
14.874994843839762
14.882807381278312
14.890619918446426
14.898432455346038
14.906244991979085
14.914057528347477
14.921870064453115
14.929682600297888
14.937495135883664
14.94530767121231
14.95312020628567
14.960932741105575
14.968745275673852
14.976557809992302
14.984370344062723
14.992182877886899
14.999995411466594
15.007807944803574
15.01562047789957
15.023433010756325
15.031245543375555
15.039058075758964
15.046870607908248
15.054683139825093
15.062495671511167
15.07030820296813
15.078120734197627
15.085933265201295
15.093745795980757
15.101558326537626
15.1093708568735
15.117183386989971
15.124995916888617
15.132808446571
15.14062097603868
15.148433505293196
15.156246034336087
15.164058563168872
15.17187109179306
15.17968362021016
15.18749614842165
15.195308676429015
15.203121204233728
15.210933731837237
15.218746259240998
15.226558786446445
15.234371313455005
15.242183840268096
15.249996366887121
15.25780889331348
15.265621419548564
15.273433945593741
15.281246471450382
15.289058997119842
15.296871522603473
15.304684047902605
15.312496573018576
15.320309097952698
15.328121622706282
15.335934147280629
15.343746671677026
15.351559195896758
15.359371719941096
15.367184243811302
15.374996767508634
15.38280929103433
15.390621814389634
15.398434337575766
15.406246860593951
15.414059383445396
15.421871906131303
15.429684428652864
15.43749695101126
15.445309473207672
15.453121995243261
15.460934517119195
15.468747038836616
15.47655956039667
15.484372081800487
15.4921846030492
15.49999712414392
15.507809645085763
15.515622165875826
15.523434686515206
15.531247207004986
15.539059727346249
15.546872247540064
15.55468476758749
15.562497287489585
15.570309807247401
15.578122326861974
15.585934846334336
15.593747365665518
15.601559884856533
15.609372403908392
15.617184922822098
15.624997441598651
15.632809960239042
15.640622478744245
15.648434997115242
15.656247515352998
15.664060033458478
15.671872551432632
15.679685069276406
15.68749758699075
15.695310104576587
15.703122622034849
15.710935139366457
15.718747656572326
15.72656017365336
15.734372690610464
15.742185207444525
15.74999772415644
15.757810240747087
15.765622757217342
15.773435273568072
15.781247789800144
15.789060305914408
15.79687282191172
15.804685337792924
15.812497853558856
15.820310369210349
15.828122884748229
15.83593540017332
15.843747915486432
15.851560430688375
15.859372945779954
15.867185460761963
15.874997975635194
15.882810490400434
15.890623005058462
15.898435519610054
15.906248034055979
15.914060548396998
15.92187306263387
15.929685576767348
15.937498090798178
15.9453106047271
15.953123118554858
15.960935632282176
15.96874814590978
15.97656065943839
15.984373172868729
15.9921856862015
15.999998199437407