new end 393.50030621633897 laps 4,4,3,4,4,4,4,3 DNF 00000000
old end 393.6003402249475 laps 4,4,3,4,4,4,4,3 DNF 00000000
new end 393.7003780084337 laps 4,4,4,4,4,4,3,3 DNF 00000000
old end 393.90046662016096 laps 3,4,3,4,3,3,3,3 DNF 00000000
new end 393.6003402249475 laps 4,4,3,4,3,4,3,3 DNF 00000000
old end 393.8004199852642 laps 4,4,4,4,4,4,4,4 DNF 00000000
new end 393.6003402249475 laps 4,4,3,4,4,4,4,4 DNF 00000000
old end 393.6003402249475 laps 4,4,3,4,4,4,4,4 DNF 00000000
new end 394.00051842918043 laps 3,3,3,3,3,3,3,3 DNF 00000000
old end 393.8004199852642 laps 4,4,3,3,3,3,3,3 DNF 00000100
new end 394.1005759853419 laps 4,4,4,4,4,4,4,3 DNF 00000000
old end 393.2002232558197 laps 4,4,3,4,3,4,3,3 DNF 00000000
